6 1125 1
6 1126 1
6 1127 1
6 1128 1
6 1129 1
6 1130 1
6 1131 1
6 1133 1
6 1134 1
6 1135 1
6 1136 1
6 1137 1
6 1138 1
6 1139 1
6 1140 1
6 1141 1
6 1142 1
6 1144 1
6 1145 1
6 1146 1
6 1147 1
6 1148 1
6 1149 1
6 1150 1
6 1151 1
6 1152 1
6 1153 1
6 1155 1
6 1156 1
6 1157 1
6 1158 1
6 1159 1
6 1160 1
6 1161 1
6 1162 1
6 1163 1
6 1164 1
6 1166 1
6 1167 1
6 1168 1
6 1169 1
6 1170 1
6 1171 1
6 1172 1
6 1173 1
6 1174 1
6 1175 1
6 1177 1
6 1178 1
6 1179 1
6 1180 1
6 1181 1
6 1182 1
6 1183 1
6 1184 1
6 1185 1
6 1187 1
6 1188 1
6 1189 1
6 1190 1
6 1191 1
6 1192 1
6 1193 1
6 1194 1
6 1195 1
6 1197 1
6 1198 1
6 1199 1
6 1200 1
6 1201 1
6 1202 1
6 1203 1
6 1204 1
6 1205 1
6 1206 1
6 1207 1
6 1209 1
6 1210 1
6 1211 1
6 1212 1
6 1213 1
6 1214 1
6 1215 1
6 1216 1
6 1217 1
6 1219 1
6 1220 1
6 1221 1
6 1222 1
6 1223 1
6 1224 1
6 1225 1
6 1226 1
6 1228 1
6 1229 1
6 1230 1
6 1231 1
6 1232 1
6 1233 1
6 1234 1
6 1235 1
6 1237 1
6 1238 1
6 1239 1
6 1240 1
6 1241 1
6 1242 1
6 1243 1
6 1244 1
6 1245 1
6 1247 1
6 1248 1
6 1249 1
6 1250 1
6 1251 1
6 1252 1
6 1253 1
6 1254 1
6 1256 1
6 1257 1
6 1258 1
6 1259 1
6 1260 1
