0 20 0
0 25 0
0 26 0
0 27 0
0 28 0
0 29 0
0 30 0
0 31 0
0 32 0
0 33 0
0 34 0
0 35 0
0 36 0
0 37 0
0 38 0
0 39 0
0 40 0
0 41 0
0 42 0
0 43 0
0 44 0
0 45 0
0 46 0
0 47 0
0 48 0
0 49 0
0 50 0
0 51 0
0 52 0
0 53 0
0 54 0
0 55 0
0 56 0
0 57 0
0 58 0
0 59 0
0 60 0
0 61 0
0 62 0
0 63 0
0 64 0
0 65 0
0 66 0
0 67 0
0 68 0
0 69 0
0 70 0
0 71 0
0 72 0
0 73 0
0 74 0
0 75 0
0 76 0
0 77 0
0 78 0
0 79 0
0 80 0
0 81 0
0 82 0
0 83 0
0 84 0
0 85 0
0 86 0
0 87 0
0 88 0
0 89 0
0 90 0
0 91 0
0 92 0
0 93 0
0 94 0
0 95 0
0 97 0
0 98 0
0 99 0
0 100 0
0 101 0
0 102 0
0 103 0
0 104 0
0 105 0
0 106 0
0 107 0
0 108 0
0 109 0
0 110 0
0 111 0
0 112 0
0 113 0
0 114 0
0 115 0
0 116 1
0 117 1
0 118 1
0 119 1
0 120 1
0 121 1
0 122 1
0 123 1
0 124 1
0 125 1
0 126 1
0 127 1
0 128 1
0 129 1
0 130 1
0 131 1
0 132 1
0 133 1
0 134 1
0 135 1
0 136 1
0 137 1
0 138 1
0 139 1
0 140 1
0 141 1
0 142 1
0 143 1
0 144 1
0 145 1
0 146 1
0 147 1
0 148 1
0 149 1
0 150 1
0 151 1
0 152 1
0 153 1
0 154 1
0 155 1
0 156 1
0 157 1
0 158 1
0 159 1
0 160 1
0 161 1
0 162 1
0 163 1
0 164 1
0 165 1
0 166 1
0 167 1
0 168 1
0 169 1
0 170 1
0 171 1
0 172 1
0 173 1
0 174 1
0 175 1
0 176 1
0 177 1
0 178 1
0 179 1
0 180 1
0 181 1
0 182 1
0 183 1
0 184 1
0 185 1
0 186 1
0 187 1
0 188 1
0 189 1
0 190 1
0 191 1
0 192 1
0 193 1
0 194 1
0 195 1
0 196 1
0 197 1
0 198 1
0 199 0
0 200 0
0 201 1
0 202 1
0 203 1
0 204 1
0 205 1
0 206 1
0 207 1
0 208 1
0 209 1
0 210 1
0 211 1
0 212 1
0 213 1
0 214 1
0 215 1
0 216 1
0 218 1
0 219 1
0 220 1
0 221 1
0 222 1
0 223 1
0 224 1
0 225 1
0 226 1
0 227 1
0 228 1
0 229 1
0 230 1
0 231 1
0 232 1
0 233 1
0 234 1
0 235 1
0 236 1
0 237 1
0 238 1
0 239 1
0 240 1
0 241 1
0 242 1
0 243 1
0 244 1
0 245 1
0 246 1
0 247 1
0 248 1
0 249 1
0 250 1
0 251 1
0 252 1
0 253 1
0 254 1
0 255 1
0 256 1
0 257 1
0 258 1
0 259 1
0 260 1
0 261 1
0 262 1
0 263 1
0 264 1
0 265 1
0 266 1
0 267 1
0 268 1
0 269 1
0 270 1
0 271 1
0 272 1
0 273 1
0 274 1
0 275 1
0 276 1
0 277 1
0 278 1
0 279 1
0 280 1
0 281 1
0 282 1
0 283 1
0 284 1
0 285 1
0 286 1
0 287 1
0 288 1
0 289 1
0 290 1
0 291 1
0 292 1
0 293 1
0 294 1
0 295 1
0 296 1
0 297 1
0 298 1
0 299 1
0 300 1
0 301 1
0 302 1
0 303 1
0 304 1
0 305 1
0 306 1
0 307 1
0 308 1
0 309 1
0 310 1
0 311 1
0 312 1
0 313 1
0 314 1
0 315 1
0 316 1
0 317 1
0 318 1
0 319 1
0 320 1
0 321 1
0 322 1
0 323 1
0 324 1
0 325 0
0 326 0
0 327 0
0 328 0
0 329 0
0 330 0
0 331 1
0 332 0
0 333 0
0 334 0
0 335 1
0 336 1
0 337 1
0 338 1
0 339 1
0 340 1
0 341 1
0 342 1
0 343 1
0 344 1
0 345 1
0 346 1
0 347 1
0 348 1
0 349 1
0 350 1
0 351 1
0 352 1
0 353 1
0 354 1
0 355 1
0 356 1
0 357 1
0 358 1
0 359 1
0 360 1
0 361 1
0 362 1
0 363 1
0 364 1
0 365 1
0 366 1
0 367 1
0 368 1
0 369 1
0 370 1
0 371 1
0 372 1
0 373 1
0 374 1
0 375 1
0 376 1
0 377 1
0 379 1
0 380 1
0 381 1
0 382 1
0 383 1
0 384 0
0 385 0
0 386 0
0 387 0
0 388 0
0 389 0
0 390 0
0 391 0
0 392 0
0 393 0
0 394 0
0 395 0
0 396 0
0 397 0
0 398 0
0 399 0
0 400 0
0 401 0
0 402 0
0 403 0
0 404 0
0 405 0
0 406 0
0 407 0
0 408 0
0 409 0
0 410 0
0 411 0
0 412 0
0 413 0
0 414 0
0 415 0
0 416 0
0 417 0
0 418 0
0 419 0
0 420 0
0 421 0
0 422 0
0 423 0
0 424 0
0 425 0
0 426 0
0 427 0
0 428 0
0 429 0
0 430 0
0 431 0
0 432 0
0 433 0
0 434 0
0 435 0
0 436 0
0 437 0
0 438 0
0 439 0
0 440 0
0 441 0
0 442 0
0 443 0
0 444 0
0 445 0
0 446 0
0 447 0
0 448 0
0 449 0
0 450 0
0 451 0
0 452 0
0 453 0
0 454 0
0 455 0
0 456 0
0 457 0
0 458 0
0 459 0
0 460 0
0 461 0
0 462 0
0 463 0
0 464 0
0 465 0
0 466 0
0 467 0
0 468 0
0 469 0
0 470 0
0 471 0
0 472 0
0 473 0
0 474 0
0 475 0
0 476 0
0 477 0
0 478 0
0 479 0
0 480 0
0 481 0
0 482 0
0 483 0
0 484 0
0 485 0
0 486 0
0 487 0
0 488 0
0 489 0
0 490 0
0 491 0
0 492 0
0 493 0
0 494 0
0 495 0
0 496 0
0 497 0
0 498 0
0 499 0
0 500 0
0 501 0
0 502 0
0 503 0
0 504 0
0 505 0
0 506 0
0 507 0
0 508 0
0 509 0
0 510 0
0 512 0
0 513 0
0 514 0
0 515 0
0 516 0
0 517 0
0 518 0
0 519 0
0 520 0
0 521 0
0 522 0
0 523 0
0 524 0
0 525 1
0 526 1
0 527 1
0 528 1
0 529 1
0 530 1
0 531 1
0 532 1
0 533 1
0 534 1
0 535 1
0 536 1
0 537 1
0 538 1
0 539 1
0 540 1
0 541 0
0 542 0
0 543 0
0 544 0
0 545 1
0 546 1
0 547 1
0 548 1
0 549 1
0 550 1
0 551 1
0 552 1
0 553 1
0 554 1
0 555 1
0 556 1
0 557 1
0 558 1
0 559 1
0 560 1
0 561 1
0 562 0
0 563 0
0 564 1
0 565 1
0 566 1
0 567 1
0 568 1
0 569 1
0 570 1
0 571 1
0 572 1
0 573 1
0 574 1
0 575 1
0 576 1
0 577 1
0 578 1
0 579 1
0 580 1
0 581 1
0 582 1
0 583 1
0 584 1
0 585 1
0 586 1
0 587 1
0 588 1
0 589 1
0 590 1
0 591 1
0 592 1
0 593 1
0 594 1
0 595 1
0 596 1
0 597 1
0 598 1
0 599 1
0 600 1
0 601 1
0 602 1
0 603 1
0 604 1
0 605 1
0 606 1
0 607 1
0 608 1
0 609 1
0 610 1
0 611 1
0 612 1
0 613 1
0 614 1
0 615 1
0 616 1
0 617 1
0 618 1
0 619 1
0 620 1
0 621 1
0 622 1
0 623 1
0 624 1
0 625 1
0 626 1
0 627 1
0 628 1
0 629 1
0 630 1
0 631 1
0 632 1
0 633 1
0 634 1
0 635 1
0 636 1
0 637 1
0 638 1
0 639 1
0 640 1
0 641 1
0 642 1
0 643 1
0 644 1
0 645 1
0 646 1
0 647 1
0 648 1
0 649 1
0 650 1
0 651 1
0 652 1
0 653 1
0 654 1
0 655 1
0 656 1
0 657 1
0 658 1
0 659 1
0 660 1
0 661 1
0 662 1
0 663 1
0 664 1
0 665 1
0 666 1
0 667 1
0 668 1
0 669 1
0 670 1
0 671 1
0 672 1
0 673 1
0 674 1
0 676 1
0 677 1
0 678 1
0 679 1
0 680 1
0 681 1
0 682 1
0 683 1
0 684 1
0 685 1
0 686 1
0 687 1
0 688 1
0 689 1
0 690 1
0 691 1
0 692 1
0 693 1
0 694 1
0 695 1
0 696 1
0 697 1
0 698 1
0 699 1
0 700 1
0 701 1
0 702 1
0 703 1
0 704 1
0 705 1
0 706 1
0 707 1
0 708 1
0 709 1
0 710 1
0 711 1
0 712 1
0 713 1
0 714 1
0 715 1
0 716 1
0 717 1
0 718 1
0 719 1
0 720 1
0 721 1
0 722 1
0 723 1
0 724 1
0 725 1
0 726 1
0 727 1
0 728 1
0 729 1
0 730 1
0 731 1
0 732 1
0 733 1
0 734 1
0 735 1
0 736 1
0 737 1
0 738 1
0 739 1
0 740 1
0 741 1
0 742 1
0 743 1
0 744 1
0 745 1
0 746 1
0 747 1
0 748 1
0 749 1
0 750 1
0 751 1
0 752 1
0 753 1
0 754 1
0 755 1
0 756 1
0 757 1
0 758 1
0 759 1
0 760 1
0 761 1
0 762 1
0 763 1
0 764 1
0 765 1
0 766 1
0 767 1
0 768 1
0 769 1
0 770 1
0 771 1
0 772 1
0 773 1
0 774 1
0 775 1
0 776 1
0 777 1
0 778 1
0 779 1
0 780 1
0 781 1
0 782 1
0 783 1
0 784 1
0 785 1
0 786 1
0 787 1
0 788 1
0 789 1
0 790 1
0 791 1
0 792 1
0 793 1
0 794 1
0 795 1
0 796 1
0 797 1
0 798 1
0 799 1
0 800 1
0 801 1
0 802 1
0 803 1
0 804 1
0 805 1
0 806 1
0 807 1
0 808 1
0 809 1
0 810 1
0 811 1
0 812 1
0 813 1
0 814 1
0 815 1
0 816 1
0 817 1
0 818 1
0 819 1
0 820 1
0 821 1
0 822 1
0 823 1
0 824 1
0 825 1
0 826 1
0 827 1
0 828 1
0 829 1
0 830 1
0 832 1
0 833 1
0 834 1
0 835 1
0 836 1
0 837 1
0 838 1
0 839 1
0 840 1
0 841 1
0 842 1
0 843 1
0 844 1
0 845 1
0 846 1
0 847 1
0 848 1
0 849 1
0 850 1
0 851 1
0 852 1
0 853 1
0 854 1
0 855 1
0 856 1
0 857 1
0 858 1
0 859 1
0 860 1
0 861 1
0 862 1
0 863 1
0 864 1
0 865 1
0 866 1
0 867 1
0 868 1
0 869 1
0 870 1
0 871 1
0 872 1
0 873 1
0 874 1
0 875 1
0 876 1
0 877 1
0 878 1
0 879 1
0 880 1
0 881 1
0 882 1
0 883 1
0 884 1
0 885 1
0 886 1
0 887 1
0 888 1
0 889 1
0 890 1
0 891 1
0 892 1
0 893 1
0 894 1
0 895 1
0 896 1
0 897 1
0 898 1
0 899 1
0 900 1
0 901 1
0 902 1
0 903 1
0 904 1
0 905 1
0 906 1
0 907 1
0 908 1
0 909 1
0 910 1
0 911 1
0 912 1
0 913 1
0 914 1
0 915 1
0 916 1
0 917 1
0 918 1
0 919 1
0 920 1
0 921 1
0 922 1
0 923 1
0 924 1
0 925 1
0 926 1
0 927 1
0 928 1
0 929 1
0 930 1
0 931 1
0 932 1
0 933 1
0 934 1
0 935 1
0 936 1
0 937 1
0 938 1
0 939 1
0 940 1
0 941 1
0 942 1
0 943 1
0 944 1
0 945 1
0 946 1
0 947 1
0 948 1
0 949 1
0 950 1
0 951 1
0 952 1
0 953 1
0 954 1
0 955 1
0 956 1
0 957 1
0 958 1
0 959 1
0 960 1
0 961 1
0 962 1
0 963 1
0 964 1
0 965 1
0 966 1
0 967 1
0 968 1
0 969 1
0 970 1
0 971 1
0 972 1
0 973 1
0 974 1
0 975 1
0 976 1
0 977 1
0 978 1
0 979 1
0 980 1
0 981 1
0 982 1
0 983 1
0 984 1
0 985 1
0 987 1
0 988 1
0 989 1
0 990 1
0 991 1
0 992 1
0 993 1
0 994 1
0 995 1
0 996 1
0 997 1
0 998 1
0 999 1
0 1000 1
0 1001 1
0 1002 1
0 1003 1
0 1004 1
0 1005 1
0 1006 1
0 1007 1
0 1008 1
0 1009 1
0 1010 1
0 1011 1
0 1012 1
0 1013 1
0 1014 1
0 1015 1
0 1016 1
0 1017 1
0 1018 1
0 1019 1
0 1020 1
0 1021 1
0 1022 1
0 1023 1
0 1024 1
0 1025 1
0 1026 1
0 1027 1
0 1028 1
0 1029 1
0 1030 1
0 1031 1
0 1032 1
0 1033 1
0 1034 1
0 1035 1
0 1036 1
0 1037 1
0 1038 1
0 1039 1
0 1040 1
0 1041 1
0 1042 1
0 1043 1
0 1044 1
0 1045 1
0 1046 1
0 1047 1
0 1048 1
0 1049 1
0 1050 1
0 1051 1
0 1052 1
0 1053 1
0 1054 1
0 1055 1
0 1056 1
0 1057 1
0 1058 1
0 1059 1
0 1060 1
0 1061 1
0 1062 1
0 1063 1
0 1064 1
0 1065 1
0 1066 1
0 1067 1
0 1068 1
0 1069 1
0 1070 1
0 1071 1
0 1072 1
0 1073 1
0 1074 1
0 1075 1
0 1076 1
0 1077 1
0 1078 1
0 1079 1
0 1080 1
0 1081 1
0 1082 1
0 1083 1
0 1084 1
0 1085 1
0 1086 1
0 1087 1
0 1088 1
0 1089 1
0 1090 1
0 1091 1
0 1092 1
0 1093 1
0 1094 1
0 1095 1
0 1096 1
0 1097 1
0 1098 1
0 1099 1
0 1100 1
0 1101 1
0 1102 1
0 1103 1
0 1104 1
0 1105 1
0 1106 1
0 1107 1
0 1108 1
0 1109 1
0 1110 1
0 1111 1
0 1112 1
0 1113 1
0 1114 1
0 1115 1
0 1116 1
0 1117 1
0 1118 1
0 1119 1
0 1120 1
0 1121 1
0 1122 1
0 1123 1
0 1124 1
0 1125 1
0 1126 1
0 1127 1
0 1128 1
0 1129 1
0 1130 1
0 1131 1
0 1132 1
0 1133 1
0 1134 1
0 1135 1
0 1136 1
0 1137 1
0 1138 1
0 1139 1
0 1140 1
0 1141 1
0 1142 1
0 1143 1
0 1144 1
0 1145 1
0 1146 1
0 1147 1
0 1148 1
0 1149 1
0 1150 1
0 1151 1
0 1152 1
0 1153 1
0 1154 1
0 1155 1
0 1157 1
0 1158 1
0 1159 1
0 1160 1
0 1161 1
0 1162 1
0 1163 1
0 1164 1
0 1165 1
0 1166 1
0 1167 1
0 1168 1
0 1169 1
0 1170 1
0 1171 1
0 1172 1
0 1173 1
0 1174 1
0 1175 1
0 1176 1
0 1177 1
0 1178 1
0 1179 1
0 1180 1
0 1181 1
0 1182 1
0 1183 1
0 1184 1
0 1185 1
0 1186 1
0 1187 1
0 1188 1
0 1189 1
0 1190 1
0 1191 1
0 1192 1
0 1193 1
0 1194 1
0 1195 1
0 1196 1
0 1197 1
0 1198 1
0 1199 1
0 1200 1
0 1201 1
0 1202 1
0 1203 1
0 1204 1
0 1205 1
0 1206 1
0 1207 1
0 1208 1
0 1209 1
0 1210 1
0 1211 1
0 1212 1
0 1213 1
0 1214 1
0 1215 1
0 1216 1
0 1217 1
0 1218 1
0 1219 1
0 1220 1
0 1221 1
0 1222 1
0 1223 1
0 1224 1
0 1225 1
0 1226 1
0 1227 1
0 1228 1
0 1229 1
0 1230 1
0 1231 1
0 1232 1
0 1233 1
0 1234 1
0 1235 1
0 1236 1
0 1237 1
0 1238 1
0 1239 1
0 1240 1
0 1241 1
0 1242 1
0 1243 1
0 1244 1
0 1245 1
0 1246 1
0 1247 1
0 1248 1
0 1249 1
0 1250 1
0 1251 1
0 1252 1
0 1253 1
0 1254 1
0 1255 1
0 1256 1
0 1257 1
0 1258 1
0 1259 1
0 1260 1
0 1261 1
0 1262 1
0 1263 1
0 1264 1
0 1265 1
0 1266 1
0 1267 1
0 1268 1
0 1269 1
0 1270 1
0 1271 1
0 1272 1
0 1273 1
0 1274 1
0 1275 1
0 1276 1
0 1277 1
0 1278 1
0 1279 1
0 1280 1
0 1281 1
0 1282 1
0 1284 1
0 1285 1
0 1286 1
0 1287 1
0 1288 1
0 1289 1
0 1290 1
0 1291 1
0 1292 1
0 1293 1
0 1294 1
0 1295 1
0 1296 1
0 1297 1
0 1298 1
0 1299 1
0 1300 1
0 1301 1
0 1302 1
0 1303 1
0 1304 1
0 1305 1
0 1306 1
0 1307 1
0 1308 1
0 1309 1
0 1310 1
0 1311 1
0 1312 1
0 1313 1
0 1314 1
0 1315 1
0 1316 1
0 1317 1
0 1318 1
0 1319 1
0 1320 1
0 1321 1
0 1322 1
0 1323 1
0 1324 1
0 1325 1
0 1326 1
0 1327 1
0 1328 1
0 1329 1
0 1330 1
0 1331 1
0 1332 1
0 1333 1
0 1334 1
0 1335 1
0 1336 1
0 1337 1
0 1338 1
0 1339 1
0 1340 1
0 1341 1
0 1342 1
0 1343 1
0 1344 1
0 1345 1
0 1346 1
0 1347 1
0 1348 1
0 1349 1
0 1350 1
0 1351 1
0 1352 1
0 1353 1
0 1354 1
0 1355 1
0 1356 1
0 1357 1
0 1358 1
0 1359 1
0 1360 1
0 1361 1
0 1362 1
0 1363 1
0 1364 1
0 1365 1
0 1366 1
0 1367 1
0 1368 1
0 1369 1
0 1370 1
0 1371 1
0 1372 1
0 1374 1
0 1375 1
0 1376 1
0 1377 1
0 1378 1
0 1379 1
0 1380 1
0 1381 1
0 1382 1
0 1383 1
0 1384 1
0 1385 1
0 1386 1
0 1387 1
0 1388 1
0 1389 1
0 1390 1
0 1391 1
0 1392 1
0 1393 1
0 1394 1
0 1395 1
0 1396 1
0 1397 1
0 1398 1
0 1399 1
0 1400 1
0 1401 1
0 1402 1
0 1403 1
0 1404 1
0 1405 1
0 1406 1
0 1407 1
0 1408 1
0 1409 1
0 1410 1
0 1411 1
0 1412 1
0 1413 1
0 1414 1
0 1415 1
0 1416 1
0 1417 1
0 1418 1
0 1419 1
0 1420 1
0 1421 1
0 1422 1
0 1423 1
0 1424 1
0 1425 1
0 1426 1
0 1427 1
0 1428 1
0 1429 1
0 1430 1
0 1431 1
0 1432 1
0 1433 1
0 1434 1
0 1435 1
0 1436 1
0 1437 1
0 1438 1
0 1439 1
1 0 1
1 1 1
1 2 1
1 3 1
1 4 1
1 5 1
1 6 1
1 7 1
1 8 1
1 9 1
1 10 1
1 12 1
1 13 1
1 14 1
1 15 1
1 16 1
1 17 1
1 18 1
1 19 1
1 20 1
1 21 1
1 22 1
1 23 1
1 24 1
1 25 1
1 26 1
1 27 1
1 28 1
1 29 1
1 30 1
1 31 1
1 32 1
1 33 1
1 34 1
1 35 1
1 36 1
1 37 1
1 38 1
1 39 1
1 40 1
1 41 1
1 42 1
1 43 1
1 44 1
1 45 1
1 46 1
1 47 1
1 48 1
1 49 1
1 50 1
1 51 1
1 52 1
1 53 1
1 54 1
1 55 1
1 56 1
1 57 1
1 58 1
1 59 1
1 60 1
1 61 0
1 62 0
1 63 0
1 64 0
1 65 0
1 66 0
1 67 0
1 68 0
1 69 0
1 70 0
1 71 0
1 72 0
1 73 0
1 74 0
1 75 0
1 76 0
1 77 0
1 78 0
1 79 0
1 80 0
1 81 0
1 82 0
1 83 0
1 84 0
1 85 0
1 86 0
1 87 0
1 88 0
1 89 0
1 90 0
1 91 0
1 92 0
1 93 0
1 94 0
1 95 0
1 96 0
1 97 0
1 98 0
1 99 0
1 100 0
1 101 0
1 102 0
1 103 0
1 104 0
1 105 0
1 106 0
1 107 0
1 108 0
1 109 0
1 110 0
1 111 0
1 112 0
1 113 0
1 114 0
1 115 0
1 116 1
1 117 1
1 118 1
1 119 1
1 120 1
1 121 1
1 122 1
1 123 1
1 124 1
1 125 1
1 126 1
1 127 1
1 128 1
1 129 1
1 130 1
1 131 1
1 132 1
1 133 1
1 134 1
1 135 1
1 136 1
1 137 1
1 138 1
1 139 1
1 140 1
1 142 1
1 143 1
1 144 1
1 145 1
1 146 1
1 147 1
1 148 1
1 149 1
1 150 1
1 151 1
1 152 1
1 153 1
1 154 1
1 155 1
1 156 1
1 157 1
1 158 1
1 159 1
1 160 1
1 161 1
1 162 1
1 163 1
1 164 1
1 165 1
1 166 1
1 167 1
1 168 1
1 169 1
1 170 1
1 171 1
1 172 1
1 173 1
1 174 1
1 175 1
1 176 1
1 177 1
1 178 1
1 179 1
1 180 1
1 181 1
1 182 1
1 183 1
1 184 1
1 185 1
1 186 1
1 187 1
1 188 1
1 189 1
1 190 1
1 191 1
1 192 1
1 193 1
1 194 1
1 195 1
1 196 1
1 197 1
1 198 1
1 199 1
1 200 1
1 201 1
1 202 1
1 203 1
1 204 1
1 205 1
1 206 1
1 207 1
1 208 1
1 209 1
1 210 1
1 211 1
1 212 1
1 213 1
1 214 1
1 215 1
1 216 1
1 217 1
1 218 1
1 219 1
1 220 1
1 221 1
1 222 1
1 223 1
1 224 1
1 225 1
1 226 1
1 227 1
1 228 1
1 229 1
1 230 1
1 231 1
1 232 1
1 233 1
1 234 1
1 235 1
1 236 1
1 237 1
1 238 1
1 239 1
1 240 1
1 241 1
1 242 1
1 243 1
1 244 1
1 245 1
1 246 1
1 247 1
1 248 1
1 249 1
1 250 1
1 251 1
1 252 1
1 253 1
1 254 1
1 255 1
1 256 1
1 257 1
1 258 1
1 259 1
1 260 1
1 261 1
1 262 1
1 263 1
1 264 1
1 265 1
1 266 1
1 267 1
1 268 1
1 269 1
1 270 1
1 271 1
1 272 1
1 273 1
1 274 1
1 275 1
1 276 1
1 277 1
1 278 1
1 279 1
1 280 1
1 281 1
1 282 1
1 283 1
1 284 1
1 285 1
1 286 1
1 287 1
1 288 1
1 289 1
1 290 1
1 291 1
1 292 1
1 293 1
1 294 1
1 295 1
1 296 1
1 297 1
1 298 1
1 299 1
1 300 1
1 301 1
1 302 1
1 303 1
1 305 1
1 306 1
1 307 1
1 308 1
1 309 1
1 310 1
1 311 1
1 312 1
1 313 1
1 314 1
1 315 1
1 316 1
1 317 1
1 318 1
1 319 1
1 320 1
1 321 1
1 322 1
1 323 1
1 324 1
1 325 1
1 326 0
1 327 0
1 328 0
1 329 1
1 330 1
1 331 1
1 332 1
1 333 1
1 334 1
1 335 1
1 336 1
1 337 1
1 338 0
1 339 0
1 340 0
1 341 0
1 342 0
1 343 0
1 344 0
1 345 0
1 346 0
1 347 0
1 348 0
1 349 0
1 350 0
1 351 0
1 352 0
1 353 0
1 354 0
1 355 0
1 356 0
1 357 1
1 358 1
1 359 1
1 360 1
1 361 1
1 362 1
1 363 1
1 364 1
1 365 1
1 366 1
1 367 1
1 368 1
1 369 1
1 370 1
1 371 1
1 372 1
1 373 1
1 374 1
1 375 1
1 376 1
1 377 1
1 378 1
1 379 1
1 380 1
1 381 1
1 382 1
1 383 1
1 384 1
1 385 1
1 386 1
1 387 1
1 388 1
1 389 1
1 390 1
1 391 1
1 392 1
1 393 1
1 394 1
1 395 1
1 396 1
1 397 1
1 398 1
1 399 1
1 400 1
1 401 1
1 402 1
1 403 1
1 404 1
1 405 1
1 406 1
1 407 1
1 408 1
1 409 1
1 410 1
1 411 1
1 412 1
1 413 1
1 414 1
1 415 1
1 416 1
1 417 1
1 418 1
1 419 1
1 420 0
1 421 0
1 422 1
1 423 1
1 424 1
1 425 1
1 426 0
1 427 0
1 428 0
1 429 0
1 430 0
1 431 0
1 432 0
1 433 0
1 434 0
1 435 0
1 436 0
1 437 0
1 438 0
1 439 0
1 440 0
1 441 0
1 442 0
1 443 0
1 444 0
1 445 0
1 446 0
1 447 0
1 448 0
1 449 0
1 450 0
1 451 0
1 452 0
1 453 0
1 454 0
1 455 0
1 456 0
1 457 0
1 458 0
1 459 0
1 460 0
1 461 0
1 462 0
1 463 0
1 464 0
1 465 0
1 466 0
1 468 0
1 469 0
1 470 0
1 471 0
1 472 1
1 473 0
1 474 0
1 475 0
1 476 0
1 477 0
1 478 0
1 479 0
1 480 0
1 481 0
1 482 0
1 483 0
1 484 0
1 485 0
1 486 0
1 487 0
1 488 0
1 489 0
1 490 0
1 491 0
1 492 0
1 493 0
1 494 0
1 495 0
1 496 0
1 497 0
1 498 0
1 499 0
1 500 0
1 501 0
1 502 0
1 503 0
1 504 0
1 505 0
1 506 0
1 507 0
1 508 0
1 509 0
1 510 0
1 511 0
1 512 0
1 513 0
1 514 0
1 515 0
1 516 0
1 517 0
1 518 0
1 519 0
1 520 0
1 521 0
1 522 0
1 523 0
1 524 0
1 525 0
1 526 0
1 527 0
1 528 0
1 529 0
1 530 0
1 531 0
1 532 0
1 533 0
1 534 0
1 535 0
1 536 0
1 537 0
1 538 0
1 539 0
1 540 0
1 541 0
1 542 0
1 543 0
1 544 0
1 545 0
1 546 0
1 547 0
1 548 0
1 549 0
1 550 0
1 551 0
1 552 0
1 553 0
1 554 0
1 555 0
1 556 0
1 557 0
1 558 0
1 559 0
1 560 0
1 561 0
1 562 0
1 563 0
1 564 0
1 565 0
1 566 0
1 567 0
1 568 0
1 569 1
1 570 1
1 571 1
1 572 1
1 573 1
1 574 1
1 575 1
1 576 1
1 577 1
1 578 1
1 579 1
1 580 1
1 581 1
1 582 1
1 583 1
1 584 1
1 585 1
1 586 1
1 587 1
1 588 1
1 589 1
1 590 1
1 591 1
1 592 1
1 593 1
1 594 1
1 595 1
1 596 1
1 597 1
1 598 1
1 599 1
1 600 1
1 601 1
1 602 1
1 603 1
1 604 1
1 605 1
1 606 1
1 607 1
1 608 1
1 609 1
1 610 1
1 611 1
1 612 1
1 613 1
1 614 1
1 615 1
1 616 1
1 617 1
1 618 1
1 619 1
1 620 1
1 621 0
1 622 0
1 623 0
1 624 0
1 625 1
1 626 1
1 627 1
1 628 1
1 630 1
1 631 1
1 632 1
1 633 1
1 634 1
1 635 1
1 636 1
1 637 1
1 638 1
1 639 1
1 640 1
1 641 1
1 642 1
1 643 1
1 644 1
1 645 1
1 646 1
1 647 1
1 648 1
1 649 1
1 650 1
1 651 1
1 652 1
1 653 1
1 654 1
1 655 1
1 656 1
1 657 1
1 658 1
1 659 1
1 660 1
1 661 1
1 662 1
1 663 1
1 664 1
1 665 1
1 666 1
1 667 1
1 668 1
1 669 1
1 670 1
1 671 1
1 672 1
1 673 1
1 674 1
1 675 1
1 676 1
1 677 0
1 678 0
1 679 0
1 680 1
1 681 1
1 682 1
1 683 1
1 684 1
1 685 1
1 686 1
1 687 1
1 688 1
1 689 1
1 690 1
1 691 1
1 692 1
1 693 1
1 694 1
1 695 1
1 696 1
1 697 1
1 698 1
1 699 1
1 700 1
1 701 1
1 702 1
1 703 1
1 704 1
1 705 1
1 706 1
1 707 1
1 708 1
1 709 1
1 710 1
1 711 1
1 712 1
1 713 1
1 714 1
1 715 1
1 716 1
1 717 1
1 718 1
1 719 1
1 720 1
1 721 1
1 722 1
1 723 1
1 724 0
1 725 0
1 726 0
1 727 0
1 728 0
1 729 0
1 730 0
1 731 0
1 732 0
1 733 0
1 734 0
1 735 0
1 736 0
1 737 0
1 738 0
1 739 0
1 740 0
1 741 1
1 742 1
1 743 1
1 744 1
1 745 1
1 746 1
1 747 1
1 748 1
1 749 1
1 750 1
1 751 1
1 752 1
1 753 1
1 754 0
1 755 0
1 756 0
1 757 1
1 758 1
1 759 1
1 760 1
1 761 1
1 762 1
1 763 1
1 764 1
1 765 1
1 766 0
1 767 0
1 768 0
1 769 0
1 770 0
1 771 0
1 772 0
1 773 0
1 774 0
1 775 0
1 776 0
1 777 1
1 779 1
1 780 1
1 781 1
1 782 1
1 783 1
1 784 1
1 785 1
1 786 1
1 787 1
1 788 1
1 789 1
1 790 1
1 791 1
1 792 1
1 793 1
1 794 1
1 795 1
1 796 1
1 797 1
1 798 1
1 799 1
1 800 1
1 801 1
1 802 1
1 803 1
1 804 1
1 805 1
1 806 1
1 807 1
1 808 1
1 809 1
1 810 1
1 811 1
1 812 1
1 813 1
1 814 1
1 815 1
1 816 1
1 817 1
1 818 1
1 819 1
1 820 1
1 821 1
1 822 1
1 823 1
1 824 1
1 825 1
1 826 1
1 827 1
1 828 1
1 829 1
1 830 1
1 831 1
1 832 1
1 833 1
1 834 1
1 835 1
1 836 1
1 837 1
1 838 1
1 839 1
1 840 1
1 841 1
1 842 1
1 843 1
1 844 1
1 845 1
1 846 1
1 847 1
1 848 1
1 849 1
1 850 1
1 851 1
1 852 1
1 853 1
1 854 1
1 855 1
1 856 1
1 857 1
1 858 1
1 859 1
1 860 1
1 861 1
1 862 1
1 863 1
1 864 1
1 865 1
1 866 1
1 867 1
1 868 1
1 869 1
1 870 1
1 871 1
1 872 1
1 873 1
1 874 1
1 875 1
1 876 1
1 877 1
1 878 1
1 879 1
1 880 1
1 881 1
1 882 1
1 883 1
1 884 1
1 885 1
1 886 1
1 887 1
1 888 1
1 889 1
1 890 1
1 891 1
1 892 1
1 893 1
1 894 1
1 895 1
1 896 1
1 897 1
1 898 1
1 899 1
1 900 1
1 901 1
1 902 1
1 903 1
1 904 1
1 905 1
1 906 1
1 907 1
1 908 1
1 909 1
1 910 1
1 911 1
1 912 1
1 913 1
1 914 1
1 915 1
1 916 1
1 917 1
1 918 1
1 919 1
1 920 1
1 921 1
1 922 1
1 923 1
1 924 1
1 925 1
1 926 1
1 927 1
1 928 1
1 929 1
1 930 1
1 931 1
1 932 1
1 933 1
1 934 1
1 935 1
1 936 1
1 937 1
1 938 1
1 939 1
1 940 1
1 942 1
1 943 1
1 944 1
1 945 1
1 946 1
1 947 1
1 948 1
1 949 1
1 950 1
1 951 1
1 952 1
1 953 1
1 954 1
1 955 1
1 956 1
1 957 1
1 958 1
1 959 1
1 960 1
1 961 1
1 962 1
1 963 1
1 964 1
1 965 1
1 966 1
1 967 1
1 968 1
1 969 1
1 970 1
1 971 1
1 972 1
1 973 1
1 974 1
1 975 1
1 976 1
1 977 1
1 978 1
1 979 1
1 980 1
1 981 1
1 982 1
1 983 1
1 984 1
1 985 1
1 986 1
1 987 1
1 988 1
1 989 1
1 990 1
1 991 1
1 992 1
1 993 1
1 994 1
1 995 1
1 996 1
1 997 1
1 998 1
1 999 1
1 1000 1
1 1001 1
1 1002 1
1 1003 1
1 1004 1
1 1005 1
1 1006 1
1 1007 1
1 1008 1
1 1009 1
1 1010 1
1 1011 1
1 1012 1
1 1013 1
1 1014 1
1 1015 1
1 1016 1
1 1017 1
1 1018 1
1 1019 1
1 1020 1
1 1021 1
1 1022 1
1 1023 1
1 1024 1
1 1025 1
1 1026 1
1 1027 1
1 1028 1
1 1029 1
1 1030 1
1 1031 1
1 1032 1
1 1033 1
1 1034 1
1 1035 1
1 1036 1
1 1037 1
1 1038 1
1 1039 1
1 1040 1
1 1041 1
1 1042 1
1 1043 1
1 1044 1
1 1045 1
1 1046 1
1 1047 1
1 1048 1
1 1049 1
1 1050 1
1 1051 1
1 1052 1
1 1053 1
1 1054 1
1 1055 1
1 1056 1
1 1057 1
1 1058 1
1 1059 1
1 1060 1
1 1061 1
1 1062 1
1 1063 1
1 1064 1
1 1065 1
1 1066 1
1 1067 1
1 1068 1
1 1069 1
1 1070 1
1 1071 1
1 1072 1
1 1073 1
1 1074 1
1 1075 1
1 1076 1
1 1077 1
1 1078 1
1 1079 1
1 1080 1
1 1081 1
1 1082 1
1 1083 1
1 1084 1
1 1085 1
1 1086 1
1 1087 1
1 1088 1
1 1089 1
1 1090 1
1 1091 1
1 1092 1
1 1093 1
1 1094 1
1 1095 1
1 1096 1
1 1097 1
1 1098 1
1 1099 1
1 1100 1
1 1102 1
1 1103 1
1 1104 1
1 1105 1
1 1106 1
1 1107 1
1 1108 1
1 1109 1
1 1110 1
1 1111 1
1 1112 1
1 1113 1
1 1114 1
1 1115 1
1 1116 1
1 1117 1
1 1118 1
1 1119 1
1 1120 1
1 1121 1
1 1122 1
1 1123 1
1 1124 1
1 1125 1
1 1126 1
1 1127 1
1 1128 1
1 1129 1
1 1130 1
1 1131 1
1 1132 1
1 1133 1
1 1134 1
1 1135 1
1 1136 1
1 1137 1
1 1138 1
1 1139 1
1 1140 1
1 1141 1
1 1142 1
1 1143 1
1 1144 1
1 1145 1
1 1146 1
1 1147 1
1 1148 1
1 1149 1
1 1150 1
1 1151 1
1 1152 1
1 1153 1
1 1154 1
1 1155 1
1 1156 1
1 1157 1
1 1158 0
1 1159 0
1 1160 0
1 1161 0
1 1162 0
1 1163 0
1 1164 0
1 1165 0
1 1166 0
1 1167 0
1 1168 0
1 1169 1
1 1170 1
1 1171 1
1 1172 1
1 1173 1
1 1174 1
1 1175 1
1 1176 1
1 1177 1
1 1178 1
1 1179 1
1 1180 1
1 1181 1
1 1182 1
1 1183 1
1 1184 1
1 1185 1
1 1186 1
1 1187 1
1 1188 1
1 1189 1
1 1190 1
1 1191 1
1 1192 1
1 1193 1
1 1194 1
1 1195 1
1 1196 1
1 1197 1
1 1198 1
1 1199 1
1 1200 1
1 1201 1
1 1202 1
1 1203 1
1 1204 1
1 1205 1
1 1206 1
1 1207 1
1 1208 1
1 1209 1
1 1210 1
1 1211 1
1 1212 1
1 1213 1
1 1214 1
1 1215 1
1 1216 1
1 1217 1
1 1218 1
1 1219 1
1 1220 1
1 1221 1
1 1222 1
1 1223 1
1 1224 1
1 1225 1
1 1226 1
1 1227 1
1 1228 1
1 1229 1
1 1230 1
1 1231 1
1 1232 1
1 1233 1
1 1234 1
1 1235 1
1 1236 1
1 1237 1
1 1238 1
1 1239 1
1 1240 1
1 1242 1
1 1243 1
1 1244 1
1 1245 1
1 1246 1
1 1247 1
1 1248 1
1 1249 1
1 1250 1
1 1251 1
1 1252 1
1 1253 1
1 1254 1
1 1255 1
1 1256 1
1 1257 1
1 1258 1
1 1259 1
1 1260 1
1 1261 1
1 1262 1
1 1263 1
1 1264 1
1 1265 1
1 1266 1
1 1267 1
1 1268 1
1 1269 1
1 1270 1
1 1271 1
1 1272 1
1 1273 1
1 1274 1
1 1275 1
1 1276 1
1 1277 1
1 1278 1
1 1279 1
1 1280 1
1 1281 1
1 1282 1
1 1283 1
1 1284 1
1 1285 1
1 1286 1
1 1287 1
1 1288 1
1 1289 1
1 1290 1
1 1291 1
1 1292 1
1 1293 1
1 1294 1
1 1295 1
1 1296 1
1 1297 1
1 1298 1
1 1299 1
1 1300 1
1 1301 1
1 1302 1
1 1303 1
1 1304 1
1 1305 1
1 1306 1
1 1307 1
1 1308 1
1 1309 1
1 1310 1
1 1311 1
1 1312 1
1 1313 1
1 1314 1
1 1315 1
1 1316 1
1 1317 1
1 1318 1
1 1319 1
1 1320 1
1 1321 1
1 1322 1
1 1323 1
1 1324 1
1 1325 1
1 1326 1
1 1327 1
1 1328 1
1 1329 1
1 1330 1
1 1331 1
1 1332 1
1 1333 1
1 1334 1
1 1335 1
1 1336 1
1 1337 1
1 1338 1
1 1339 1
1 1340 1
1 1341 1
1 1342 1
1 1343 1
1 1344 1
1 1345 1
1 1346 1
1 1347 1
1 1348 1
1 1349 1
1 1350 1
1 1351 1
1 1352 1
1 1353 1
1 1354 1
1 1355 1
1 1356 1
1 1357 1
1 1358 1
1 1359 1
1 1360 1
1 1361 1
1 1362 1
1 1363 1
1 1364 1
1 1366 1
1 1367 1
1 1368 1
1 1369 1
1 1370 1
1 1371 1
1 1372 1
1 1373 1
1 1374 1
1 1375 1
1 1376 1
1 1377 1
1 1378 1
1 1379 1
1 1380 1
1 1381 1
1 1382 1
1 1383 1
1 1384 1
1 1385 1
1 1386 1
1 1387 1
1 1388 1
1 1389 1
1 1390 1
1 1391 1
1 1392 1
1 1393 1
1 1394 1
1 1395 1
1 1396 1
1 1397 1
1 1398 1
1 1399 1
1 1400 1
1 1401 1
1 1402 1
1 1403 1
1 1404 1
1 1405 1
1 1406 1
1 1407 1
1 1408 1
1 1409 1
1 1410 1
1 1411 1
1 1412 1
1 1413 1
1 1414 1
1 1415 1
1 1416 1
1 1417 1
1 1418 1
1 1419 1
1 1420 1
1 1421 1
1 1422 1
1 1423 1
1 1424 1
1 1425 1
1 1426 1
1 1427 1
1 1428 1
1 1429 1
1 1430 1
1 1431 1
1 1432 1
1 1433 1
1 1434 1
1 1435 1
1 1436 1
1 1437 1
1 1438 1
1 1439 1
2 0 1
2 2 1
2 3 1
2 4 1
2 5 1
2 6 1
2 7 1
2 8 1
2 9 1
2 10 1
2 11 1
2 12 1
2 13 1
2 14 1
2 15 1
2 16 1
2 17 1
2 18 1
2 19 1
2 20 1
2 21 1
2 22 1
2 23 1
2 24 1
2 25 1
2 26 1
2 27 1
2 28 1
2 29 1
2 30 1
2 31 1
2 32 1
2 33 1
2 34 1
2 35 1
2 36 1
2 37 1
2 38 1
2 39 1
2 40 1
2 41 1
2 42 1
2 43 1
2 44 1
2 45 1
2 46 1
2 47 1
2 48 1
2 49 1
2 50 1
2 51 1
2 52 1
2 53 1
2 54 1
2 55 1
2 56 1
2 57 1
2 58 1
2 59 1
2 60 1
2 61 1
2 62 1
2 63 1
2 64 1
2 65 1
2 66 1
2 67 1
2 68 1
2 69 1
2 70 1
2 71 1
2 72 1
2 73 1
2 74 1
2 75 1
2 76 1
2 77 1
2 79 1
2 80 1
2 81 1
2 82 1
2 83 1
2 84 1
2 85 1
2 86 1
2 87 1
2 88 1
2 89 1
2 90 1
2 91 1
2 92 1
2 93 1
2 94 1
2 95 1
2 96 1
2 97 1
2 98 1
2 99 1
2 100 1
2 101 1
2 102 1
2 103 1
2 104 1
2 105 1
2 106 1
2 107 1
2 108 1
2 109 1
2 110 1
2 111 1
2 112 1
2 113 1
2 114 1
2 115 1
2 116 1
2 117 1
2 118 0
2 119 0
2 120 0
2 121 1
2 122 1
2 123 1
2 124 1
2 125 1
2 126 1
2 127 1
2 128 1
2 129 1
2 130 1
2 131 1
2 132 1
2 133 1
2 134 1
2 135 1
2 136 1
2 137 1
2 138 1
2 139 1
2 140 1
2 141 1
2 142 1
2 143 1
2 144 1
2 145 1
2 146 1
2 147 1
2 148 1
2 149 1
2 150 1
2 151 1
2 152 1
2 153 1
2 154 1
2 155 1
2 156 1
2 157 1
2 158 1
2 159 1
2 160 1
2 161 1
2 162 1
2 163 1
2 164 1
2 165 1
2 166 1
2 167 1
2 168 1
2 169 1
2 170 1
2 171 1
2 172 1
2 173 1
2 174 1
2 175 1
2 176 1
2 177 1
2 178 1
2 179 1
2 180 1
2 181 1
2 182 1
2 183 1
2 184 1
2 185 1
2 186 1
2 188 1
2 189 1
2 190 1
2 191 1
2 192 1
2 193 1
2 194 1
2 195 1
2 196 1
2 197 1
2 198 1
2 199 1
2 200 1
2 201 1
2 202 1
2 203 1
2 204 1
2 205 1
2 206 1
2 207 1
2 208 1
2 209 1
2 210 1
2 211 1
2 212 1
2 213 1
2 214 1
2 215 1
2 216 1
2 217 1
2 218 1
2 219 1
2 220 1
2 221 1
2 222 1
2 223 1
2 224 1
2 225 1
2 226 1
2 227 1
2 228 1
2 229 1
2 230 1
2 231 1
2 232 1
2 233 1
2 234 1
2 235 1
2 236 1
2 237 1
2 238 1
2 239 1
2 240 1
2 241 1
2 242 1
2 243 1
2 244 1
2 245 1
2 246 1
2 247 1
2 248 1
2 249 1
2 250 1
2 251 1
2 252 1
2 253 1
2 254 1
2 255 1
2 256 1
2 257 1
2 258 1
2 259 1
2 260 1
2 261 1
2 262 1
2 263 1
2 264 1
2 265 1
2 266 1
2 267 1
2 268 1
2 269 1
2 270 1
2 271 1
2 272 1
2 273 1
2 274 1
2 275 1
2 276 1
2 277 1
2 278 1
2 279 1
2 280 1
2 281 0
2 282 0
2 283 0
2 284 1
2 285 1
2 286 1
2 287 1
2 288 1
2 289 1
2 290 1
2 291 1
2 292 1
2 293 1
2 294 1
2 295 1
2 296 1
2 297 1
2 298 1
2 299 1
2 300 1
2 301 1
2 302 1
2 303 1
2 304 1
2 305 1
2 306 1
2 307 1
2 308 1
2 309 1
2 310 1
2 311 1
2 312 1
2 313 1
2 314 1
2 315 1
2 316 1
2 317 1
2 318 1
2 319 1
2 320 1
2 321 1
2 322 1
2 323 1
2 324 1
2 325 1
2 326 1
2 327 1
2 328 1
2 329 1
2 330 1
2 331 1
2 332 1
2 333 1
2 334 1
2 335 1
2 336 1
2 338 1
2 339 1
2 340 1
2 341 1
2 342 1
2 343 1
2 344 1
2 345 1
2 346 1
2 347 1
2 348 1
2 349 1
2 350 1
2 351 1
2 352 1
2 353 1
2 354 1
2 355 1
2 356 1
2 357 1
2 358 1
2 359 1
2 360 1
2 361 1
2 362 1
2 363 1
2 364 1
2 365 1
2 366 1
2 367 1
2 368 1
2 369 1
2 370 1
2 371 1
2 372 1
2 373 1
2 374 1
2 375 1
2 376 1
2 377 1
2 378 1
2 379 1
2 380 1
2 381 1
2 382 0
2 383 0
2 384 0
2 385 0
2 386 0
2 387 0
2 388 0
2 389 0
2 390 0
2 391 0
2 392 0
2 393 0
2 394 0
2 395 0
2 396 0
2 397 0
2 398 0
2 399 0
2 400 0
2 401 0
2 402 0
2 403 0
2 404 0
2 405 0
2 406 0
2 407 0
2 408 0
2 409 0
2 410 0
2 411 0
2 412 0
2 413 0
2 414 0
2 415 0
2 416 0
2 417 0
2 418 0
2 419 0
2 420 0
2 421 0
2 422 0
2 423 0
2 424 0
2 425 0
2 426 0
2 427 0
2 428 0
2 429 0
2 430 0
2 431 0
2 432 0
2 433 0
2 434 0
2 435 0
2 436 0
2 437 0
2 438 0
2 439 0
2 440 0
2 441 0
2 442 0
2 443 0
2 444 0
2 445 0
2 446 0
2 447 0
2 448 0
2 449 0
2 450 0
2 451 0
2 452 0
2 453 0
2 454 0
2 455 0
2 456 0
2 457 0
2 458 0
2 459 0
2 460 0
2 461 0
2 462 0
2 464 0
2 465 0
2 466 0
2 467 0
2 468 1
2 469 0
2 470 0
2 471 0
2 472 0
2 473 0
2 474 0
2 475 0
2 476 0
2 477 0
2 478 0
2 479 0
2 480 0
2 481 0
2 482 0
2 483 0
2 484 0
2 485 0
2 486 0
2 487 0
2 488 0
2 489 0
2 490 0
2 491 0
2 492 0
2 493 0
2 494 0
2 495 0
2 496 0
2 497 0
2 498 0
2 499 0
2 500 0
2 501 0
2 502 0
2 503 0
2 504 0
2 505 0
2 506 0
2 507 0
2 508 0
2 509 0
2 510 0
2 511 0
2 512 0
2 513 0
2 514 0
2 515 0
2 516 0
2 517 0
2 518 0
2 519 0
2 520 0
2 521 0
2 522 0
2 523 0
2 524 0
2 525 0
2 526 0
2 527 0
2 528 0
2 529 0
2 530 0
2 531 0
2 532 0
2 533 0
2 534 0
2 535 0
2 536 0
2 537 0
2 538 0
2 539 0
2 540 0
2 541 0
2 542 0
2 543 0
2 544 0
2 545 0
2 546 0
2 547 0
2 548 0
2 549 0
2 550 0
2 551 0
2 552 0
2 553 0
2 554 0
2 555 0
2 556 0
2 557 0
2 558 0
2 559 0
2 560 0
2 561 0
2 562 0
2 563 0
2 564 0
2 565 0
2 566 0
2 567 0
2 568 0
2 569 0
2 570 0
2 571 0
2 572 0
2 573 0
2 574 0
2 575 0
2 576 0
2 577 0
2 578 0
2 579 0
2 580 0
2 581 0
2 582 0
2 583 0
2 584 0
2 585 0
2 586 0
2 587 0
2 588 0
2 589 0
2 590 0
2 591 0
2 592 0
2 593 0
2 594 0
2 595 0
2 596 0
2 597 0
2 598 0
2 599 0
2 600 0
2 601 0
2 602 0
2 603 0
2 604 0
2 605 0
2 606 0
2 607 0
2 608 0
2 609 0
2 610 0
2 611 0
2 612 0
2 613 0
2 614 0
2 615 0
2 616 0
2 617 0
2 618 0
2 619 0
2 620 0
2 621 0
2 622 0
2 623 0
2 625 0
2 626 0
2 627 0
2 628 0
2 629 0
2 630 0
2 631 0
2 632 0
2 633 0
2 634 0
2 635 0
2 636 0
2 637 0
2 638 0
2 639 0
2 640 0
2 641 0
2 642 0
2 643 0
2 644 0
2 645 0
2 646 0
2 647 0
2 648 0
2 649 0
2 650 0
2 651 0
2 652 0
2 653 0
2 654 0
2 655 0
2 656 0
2 657 0
2 658 0
2 659 0
2 660 0
2 661 0
2 662 0
2 663 0
2 664 0
2 665 0
2 666 0
2 667 0
2 668 0
2 669 0
2 670 0
2 671 0
2 672 0
2 673 0
2 674 0
2 675 0
2 676 0
2 677 0
2 678 0
2 679 0
2 680 0
2 681 0
2 682 0
2 683 0
2 684 0
2 685 0
2 686 0
2 687 0
2 688 0
2 689 0
2 690 0
2 691 0
2 692 0
2 693 0
2 694 0
2 695 0
2 696 0
2 697 0
2 698 0
2 699 0
2 700 0
2 701 0
2 702 0
2 703 0
2 704 0
2 705 0
2 706 0
2 707 0
2 708 0
2 709 0
2 710 0
2 711 0
2 712 0
2 713 0
2 714 0
2 715 0
2 716 0
2 717 0
2 718 0
2 719 0
2 720 0
2 721 0
2 722 0
2 723 0
2 724 0
2 725 0
2 726 0
2 727 0
2 728 0
2 729 0
2 730 0
2 731 0
2 732 0
2 733 0
2 734 0
2 735 0
2 736 0
2 737 0
2 738 0
2 739 0
2 740 0
2 741 0
2 742 0
2 743 0
2 744 0
2 745 0
2 746 0
2 747 0
2 748 0
2 749 0
2 750 0
2 751 0
2 752 0
2 753 0
2 754 0
2 755 0
2 756 0
2 757 0
2 758 0
2 759 1
2 760 0
2 761 0
2 762 0
2 763 0
2 764 0
2 765 0
2 766 0
2 767 0
2 768 0
2 769 0
2 770 0
2 771 0
2 772 0
2 773 1
2 774 1
2 775 1
2 776 1
2 778 1
2 779 1
2 780 1
2 781 1
2 782 1
2 783 1
2 784 1
2 785 1
2 786 1
2 787 1
2 788 1
2 789 1
2 790 1
2 791 1
2 792 1
2 793 1
2 794 1
2 795 1
2 796 1
2 797 1
2 798 1
2 799 1
2 800 1
2 801 1
2 802 1
2 803 1
2 804 1
2 805 1
2 806 1
2 807 1
2 808 1
2 809 1
2 810 1
2 811 1
2 812 1
2 813 1
2 814 1
2 815 1
2 816 1
2 817 1
2 818 1
2 819 1
2 820 1
2 821 1
2 822 1
2 823 1
2 824 1
2 825 1
2 826 1
2 827 1
2 828 1
2 829 1
2 830 1
2 831 1
2 832 1
2 833 1
2 834 1
2 835 1
2 836 1
2 837 1
2 838 1
2 839 1
2 840 1
2 841 1
2 842 1
2 843 1
2 844 1
2 845 1
2 846 1
2 847 1
2 848 1
2 849 1
2 850 1
2 851 1
2 852 1
2 853 1
2 854 1
2 855 1
2 856 1
2 857 1
2 858 1
2 859 1
2 860 1
2 861 1
2 862 1
2 863 1
2 864 1
2 865 1
2 866 1
2 867 1
2 868 1
2 869 1
2 870 1
2 871 1
2 872 1
2 873 1
2 874 1
2 875 1
2 876 1
2 877 1
2 878 1
2 879 1
2 880 1
2 881 1
2 882 1
2 883 1
2 884 1
2 885 1
2 886 1
2 887 1
2 888 1
2 889 1
2 890 1
2 891 1
2 892 1
2 893 1
2 894 1
2 895 1
2 896 1
2 897 1
2 898 1
2 899 1
2 900 1
2 901 1
2 902 1
2 903 1
2 904 1
2 905 1
2 906 1
2 907 1
2 908 1
2 909 1
2 910 1
2 911 1
2 912 1
2 913 1
2 914 1
2 915 1
2 916 1
2 917 1
2 918 1
2 919 1
2 920 1
2 921 1
2 922 1
2 923 1
2 924 1
2 925 1
2 926 1
2 927 1
2 928 1
2 929 1
2 930 1
2 931 1
2 932 1
2 933 1
2 934 1
2 935 1
2 937 1
2 938 1
2 939 1
2 940 1
2 941 1
2 942 1
2 943 1
2 944 1
2 945 1
2 946 1
2 947 1
2 948 1
2 949 1
2 950 1
2 951 1
2 952 1
2 953 1
2 954 1
2 955 1
2 956 1
2 957 1
2 958 1
2 959 1
2 960 1
2 961 1
2 962 1
2 963 1
2 964 1
2 965 1
2 966 1
2 967 1
2 968 1
2 969 1
2 970 1
2 971 1
2 972 1
2 973 1
2 974 1
2 975 1
2 976 1
2 977 1
2 978 1
2 979 1
2 980 1
2 981 1
2 982 1
2 983 1
2 984 1
2 985 1
2 986 1
2 987 1
2 988 1
2 989 1
2 990 1
2 991 1
2 992 1
2 993 1
2 994 1
2 995 1
2 996 1
2 997 1
2 998 1
2 999 1
2 1000 1
2 1001 1
2 1002 1
2 1003 1
2 1004 1
2 1005 1
2 1006 1
2 1007 1
2 1008 1
2 1009 1
2 1010 1
2 1011 1
2 1012 1
2 1013 1
2 1014 1
2 1015 1
2 1016 1
2 1017 1
2 1018 1
2 1019 1
2 1020 1
2 1021 1
2 1022 1
2 1023 1
2 1024 1
2 1025 1
2 1026 1
2 1027 1
2 1028 1
2 1029 1
2 1030 1
2 1031 1
2 1032 1
2 1033 1
2 1034 1
2 1035 1
2 1036 1
2 1037 1
2 1038 1
2 1039 1
2 1040 1
2 1041 1
2 1042 1
2 1043 1
2 1044 1
2 1045 1
2 1046 1
2 1047 1
2 1048 1
2 1049 1
2 1050 1
2 1051 1
2 1052 1
2 1053 1
2 1054 1
2 1055 1
2 1056 1
2 1057 1
2 1058 1
2 1059 1
2 1060 1
2 1061 1
2 1062 1
2 1063 1
2 1064 1
2 1065 1
2 1066 1
2 1067 1
2 1068 1
2 1069 1
2 1071 1
2 1072 1
2 1073 1
2 1074 1
2 1075 1
2 1076 1
2 1077 1
2 1078 1
2 1079 1
2 1080 1
2 1081 1
2 1082 1
2 1083 1
2 1084 1
2 1085 1
2 1086 1
2 1087 1
2 1088 1
2 1089 1
2 1090 1
2 1091 1
2 1092 1
2 1093 1
2 1094 1
2 1095 1
2 1096 1
2 1097 1
2 1098 1
2 1099 1
2 1100 1
2 1101 1
2 1102 1
2 1103 1
2 1104 1
2 1105 1
2 1106 1
2 1107 1
2 1108 1
2 1109 1
2 1110 1
2 1111 1
2 1112 1
2 1113 1
2 1114 1
2 1115 1
2 1116 1
2 1117 1
2 1118 1
2 1119 1
2 1120 1
2 1121 1
2 1122 1
2 1123 1
2 1124 1
2 1125 1
2 1126 1
2 1127 1
2 1128 1
2 1129 1
2 1130 1
2 1131 1
2 1132 1
2 1133 1
2 1134 1
2 1135 1
2 1136 1
2 1137 1
2 1138 1
2 1139 1
2 1140 1
2 1141 1
2 1142 1
2 1143 1
2 1144 1
2 1145 1
2 1146 1
2 1147 1
2 1148 1
2 1149 1
2 1150 1
2 1151 1
2 1152 1
2 1153 1
2 1154 1
2 1155 1
2 1156 1
2 1157 1
2 1158 1
2 1159 1
2 1160 1
2 1161 1
2 1162 1
2 1163 1
2 1164 1
2 1165 1
2 1166 1
2 1167 1
2 1168 1
2 1169 1
2 1170 1
2 1171 1
2 1172 1
2 1173 1
2 1174 1
2 1175 1
2 1176 1
2 1177 1
2 1178 1
2 1179 1
2 1180 1
2 1181 1
2 1182 1
2 1183 1
2 1184 1
2 1185 1
2 1186 1
2 1187 1
2 1188 1
2 1189 1
2 1190 1
2 1191 1
2 1192 1
2 1193 1
2 1194 1
2 1195 1
2 1196 1
2 1197 1
2 1198 1
2 1199 1
2 1200 1
2 1201 1
2 1202 1
2 1203 1
2 1204 1
2 1205 1
2 1206 1
2 1207 1
2 1208 1
2 1209 1
2 1210 1
2 1211 1
2 1212 1
2 1213 1
2 1214 1
2 1215 1
2 1216 1
2 1217 1
2 1218 1
2 1219 1
2 1220 1
2 1222 1
2 1223 1
2 1224 1
2 1225 1
2 1226 1
2 1227 1
2 1228 1
2 1229 1
2 1230 1
2 1231 1
2 1232 1
2 1233 1
2 1234 1
2 1235 1
2 1236 1
2 1237 1
2 1238 1
2 1239 1
2 1240 1
2 1241 1
2 1242 1
2 1243 1
2 1244 1
2 1245 1
2 1246 1
2 1247 1
2 1248 1
2 1249 1
2 1250 1
2 1251 1
2 1252 1
2 1253 1
2 1254 1
2 1255 1
2 1256 1
2 1257 1
2 1258 1
2 1259 1
2 1260 1
2 1261 1
2 1262 1
2 1263 1
2 1264 1
2 1265 1
2 1266 1
2 1267 1
2 1268 1
2 1269 1
2 1270 1
2 1271 1
2 1272 1
2 1273 1
2 1274 1
2 1275 1
2 1276 1
2 1277 1
2 1278 1
2 1279 1
2 1280 1
2 1281 1
2 1282 1
2 1283 1
2 1284 1
2 1285 1
2 1286 1
2 1287 1
2 1288 1
2 1289 1
2 1290 1
2 1291 1
2 1292 1
2 1293 1
2 1294 1
2 1295 1
2 1296 1
2 1297 1
2 1298 1
2 1299 1
2 1300 1
2 1301 1
2 1302 1
2 1303 1
2 1304 1
2 1305 1
2 1306 1
2 1307 1
2 1308 1
2 1309 1
2 1310 1
2 1311 1
2 1312 1
2 1313 1
2 1314 1
2 1315 1
2 1316 1
2 1317 1
2 1318 1
2 1319 1
2 1320 1
2 1321 1
2 1322 1
2 1324 1
2 1325 1
2 1326 1
2 1327 1
2 1328 1
2 1329 1
2 1330 1
2 1331 1
2 1332 1
2 1333 1
2 1334 1
2 1335 1
2 1336 1
2 1337 1
2 1338 1
2 1339 1
2 1340 1
2 1341 1
2 1342 1
2 1343 1
2 1344 1
2 1345 1
2 1346 1
2 1347 1
2 1349 1
2 1350 1
2 1351 1
2 1352 1
2 1353 1
2 1354 1
2 1355 1
2 1356 1
2 1357 1
2 1358 1
2 1359 1
2 1360 1
2 1361 1
2 1362 1
2 1363 1
2 1364 1
2 1365 1
2 1366 1
2 1367 1
2 1368 1
2 1369 1
2 1370 1
2 1371 1
2 1372 1
2 1373 1
2 1374 1
2 1375 0
2 1376 0
2 1377 0
2 1378 0
2 1379 0
2 1380 0
2 1381 0
2 1382 0
2 1383 0
2 1384 0
2 1385 0
2 1386 0
2 1387 0
2 1388 0
2 1389 0
2 1390 0
2 1391 0
2 1392 0
2 1393 0
2 1394 0
2 1395 0
2 1396 0
2 1397 0
2 1398 0
2 1399 0
2 1400 0
2 1401 0
2 1402 0
2 1403 0
2 1404 0
2 1405 0
2 1406 0
2 1407 0
2 1408 0
2 1409 0
2 1410 1
2 1411 1
2 1412 1
2 1413 1
2 1414 1
2 1415 1
2 1416 1
2 1417 1
2 1418 1
2 1419 1
2 1420 1
2 1421 1
2 1422 1
2 1423 1
2 1424 1
2 1425 1
2 1426 1
2 1427 1
2 1428 1
2 1429 1
2 1430 1
2 1431 1
2 1432 1
2 1433 1
2 1434 1
2 1435 1
2 1436 1
2 1437 1
2 1438 1
2 1439 1
3 1 1
3 2 1
3 3 1
3 4 1
3 5 1
3 6 1
3 7 1
3 8 1
3 9 1
3 10 1
3 11 1
3 12 1
3 13 1
3 14 1
3 15 1
3 16 1
3 17 1
3 18 1
3 19 1
3 20 1
3 21 1
3 22 1
3 23 1
3 24 1
3 25 1
3 26 1
3 27 1
3 28 1
3 29 1
3 30 1
3 31 1
3 32 1
3 33 1
3 34 1
3 35 1
3 36 1
3 37 1
3 38 1
3 39 1
3 40 1
3 41 1
3 42 1
3 43 1
3 44 1
3 45 1
3 46 1
3 47 1
3 48 1
3 49 1
3 50 1
3 51 1
3 52 1
3 53 0
3 54 0
3 55 0
3 56 0
3 57 0
3 58 0
3 59 0
3 60 0
3 61 0
3 62 0
3 63 0
3 64 0
3 65 0
3 66 0
3 67 0
3 68 0
3 69 0
3 70 0
3 71 0
3 72 0
4 14 1
4 14 1
4 15 1
4 16 1
4 17 1
4 18 1
4 19 1
4 20 1
4 21 1
4 22 1
4 23 1
4 24 1
4 25 1
4 26 1
4 27 1
4 28 1
4 29 1
4 30 1
4 31 1
4 33 1
4 34 1
4 35 1
4 36 1
4 37 1
4 38 1
4 39 1
4 40 1
4 41 1
4 42 1
4 43 1
4 44 1
4 45 1
4 46 1
4 47 1
4 48 1
4 49 1
4 50 1
4 51 1
4 52 1
4 53 1
4 54 1
4 55 1
4 56 1
4 57 1
4 58 1
4 59 1
4 60 1
4 61 1
4 62 1
4 63 1
4 64 1
4 65 1
4 66 0
4 67 0
4 68 0
4 69 1
4 70 1
4 71 1
4 72 1
4 73 1
4 74 1
4 75 1
4 76 1
4 77 1
4 78 1
4 79 1
4 80 1
4 81 1
4 82 1
4 83 1
4 84 1
4 85 1
4 86 1
4 87 1
4 88 1
4 89 1
4 90 1
4 91 1
4 92 1
4 93 1
4 94 1
4 95 1
4 96 1
4 97 1
4 98 1
4 99 1
4 100 1
4 101 1
4 102 1
4 103 1
4 104 1
4 105 1
4 106 1
4 107 1
4 108 1
4 109 1
4 110 1
4 111 1
4 112 1
4 113 1
4 114 1
4 115 1
4 116 1
4 117 1
4 118 1
4 119 1
4 120 1
4 121 1
4 122 1
4 123 1
4 124 1
4 125 1
4 126 1
4 127 1
4 128 1
4 129 1
4 130 1
4 131 1
4 132 1
4 133 1
4 134 1
4 135 1
4 136 1
4 137 0
4 138 0
4 139 0
4 140 1
4 141 1
4 142 1
4 143 1
4 144 1
4 145 1
4 146 1
4 147 1
4 148 1
4 149 1
4 151 1
4 152 1
4 153 1
4 154 1
4 155 1
4 156 1
4 157 1
4 158 1
4 159 1
4 160 1
4 161 1
4 162 1
4 163 1
4 164 1
4 165 1
4 166 1
4 167 1
4 168 1
4 169 1
4 170 1
4 171 1
4 172 1
4 173 1
4 174 1
4 175 1
4 176 1
4 177 1
4 178 1
4 179 1
4 180 1
4 181 1
4 182 1
4 183 1
4 184 1
4 185 1
4 186 1
4 187 1
4 188 1
4 189 1
4 190 1
4 191 1
4 192 1
4 193 1
4 194 1
4 195 1
4 196 1
4 197 1
4 198 1
4 199 1
4 200 1
4 201 1
4 202 1
4 203 1
4 204 1
4 205 1
4 206 1
4 207 1
4 208 1
4 209 1
4 210 1
4 211 1
4 212 1
4 213 1
4 214 1
4 215 1
4 216 1
4 217 1
4 218 1
4 219 1
4 220 1
4 221 1
4 222 1
4 223 1
4 224 1
4 225 1
4 226 1
4 227 1
4 228 1
4 229 1
4 230 1
4 231 1
4 232 1
4 233 1
4 234 1
4 235 1
4 236 1
4 237 1
4 238 1
4 239 1
4 240 1
4 241 1
4 242 1
4 243 1
4 244 1
4 245 1
4 246 0
4 247 0
4 248 0
4 249 0
4 250 0
4 251 1
4 252 1
4 253 1
4 254 1
4 255 1
4 256 1
4 257 1
4 258 1
4 259 1
4 260 1
4 261 1
4 262 1
4 263 1
4 264 1
4 265 1
4 266 1
4 267 1
4 268 1
4 269 1
4 270 1
4 271 1
4 272 1
4 273 1
4 274 1
4 275 1
4 276 1
4 277 1
4 278 1
4 279 1
4 280 1
4 281 1
4 282 1
4 283 1
4 284 1
4 285 1
4 286 1
4 287 1
4 288 1
4 289 1
4 290 1
4 291 1
4 292 1
4 293 1
4 295 1
4 296 1
4 297 1
4 298 1
4 299 1
4 300 1
4 301 1
4 302 1
4 303 1
4 304 1
4 305 1
4 306 1
4 307 1
4 308 1
4 309 1
4 310 1
4 311 1
4 312 1
4 313 1
4 314 1
4 315 1
4 316 1
4 317 1
4 318 1
4 319 1
4 320 1
4 321 1
4 322 1
4 323 1
4 324 1
4 325 1
4 326 1
4 327 1
4 328 1
4 329 1
4 330 1
4 331 1
4 332 1
4 333 1
4 334 1
4 335 1
4 336 1
4 337 1
4 338 1
4 339 1
4 340 1
4 341 1
4 342 1
4 343 1
4 344 1
4 345 1
4 346 1
4 347 1
4 348 1
4 349 1
4 350 1
4 351 1
4 352 1
4 353 1
4 354 1
4 355 1
4 356 1
4 357 1
4 358 1
4 359 1
4 360 1
4 361 1
4 362 1
4 363 1
4 364 1
4 365 1
4 366 1
4 367 0
4 368 0
4 369 0
4 370 0
4 371 0
4 372 0
4 373 0
4 374 0
4 375 0
4 376 0
4 377 0
4 378 0
4 379 0
4 380 0
4 381 0
4 382 0
4 383 0
4 384 0
4 385 0
4 386 0
4 387 0
4 388 0
4 389 0
4 390 0
4 391 0
4 392 0
4 393 0
4 394 0
4 395 0
4 396 0
4 397 0
4 398 0
4 399 0
4 400 0
4 401 0
4 402 0
4 403 0
4 404 0
4 405 0
4 406 0
4 407 0
4 408 0
4 409 0
4 410 0
4 411 0
4 412 0
4 413 0
4 414 0
4 415 0
4 416 0
4 417 0
4 418 0
4 419 0
4 420 0
4 421 0
4 422 0
4 423 0
4 424 0
4 425 0
4 426 0
4 427 0
4 428 0
4 429 0
4 430 0
4 431 0
4 432 0
4 433 0
4 434 0
4 435 0
4 436 0
4 437 0
4 438 0
4 439 0
4 440 0
4 441 0
4 442 0
4 443 0
4 444 0
4 445 0
4 446 0
4 447 0
4 448 0
4 450 0
4 451 0
4 452 0
4 453 0
4 454 0
4 455 0
4 456 0
4 457 0
4 458 0
4 459 0
4 460 0
4 461 0
4 462 0
4 463 0
4 464 0
4 465 0
4 466 0
4 467 0
4 468 0
4 469 0
4 470 0
4 471 0
4 472 0
4 473 0
4 474 0
4 475 0
4 476 0
4 477 0
4 478 0
4 479 0
4 480 0
4 481 0
4 482 0
4 483 0
4 484 0
4 485 0
4 486 0
4 487 0
4 488 0
4 489 0
4 490 0
4 491 0
4 492 0
4 493 0
4 494 0
4 495 0
4 496 0
4 497 0
4 498 0
4 499 0
4 500 0
4 501 0
4 502 0
4 503 0
4 504 0
4 505 0
4 506 0
4 507 0
4 508 0
4 509 0
4 510 0
4 511 0
4 512 0
4 513 0
4 514 0
4 515 0
4 516 0
4 517 0
4 518 0
4 519 0
4 520 0
4 521 0
4 522 0
4 523 0
4 524 0
4 525 0
4 526 0
4 527 0
4 528 0
4 529 0
4 530 0
4 531 0
4 532 0
4 533 0
4 534 0
4 535 0
4 536 0
4 537 0
4 538 0
4 539 0
4 540 0
4 541 0
4 542 0
4 543 0
4 544 0
4 545 0
4 546 0
4 547 0
4 548 0
4 549 0
4 550 0
4 551 0
4 552 0
4 553 0
4 554 0
4 555 0
4 556 0
4 557 0
4 558 0
4 559 0
4 560 0
4 561 0
4 562 0
4 563 0
4 564 0
4 565 0
4 566 0
4 567 0
4 568 0
4 569 0
4 570 0
4 571 0
4 572 0
4 573 0
4 574 0
4 575 0
4 576 0
4 577 0
4 578 0
4 579 0
4 580 0
4 581 0
4 582 0
4 583 0
4 584 0
4 585 0
4 586 0
4 587 0
4 588 0
4 589 0
4 590 0
4 591 0
4 592 0
4 593 0
4 594 0
4 595 0
4 596 0
4 597 0
4 599 0
4 600 0
4 601 0
4 602 0
4 603 0
4 604 0
4 605 0
4 606 0
4 607 0
4 608 0
4 609 0
4 610 0
4 611 0
4 612 0
4 613 0
4 614 0
4 615 0
4 616 0
4 617 0
4 618 0
4 619 0
4 620 0
4 621 0
4 622 0
4 623 0
4 624 0
4 625 0
4 626 0
4 627 0
4 628 0
4 629 0
4 630 0
4 631 0
4 632 0
4 633 0
4 634 0
4 635 0
4 636 0
4 637 0
4 638 0
4 639 0
4 640 0
4 641 0
4 642 0
4 643 0
4 644 0
4 645 0
4 646 0
4 647 0
4 648 0
4 649 0
4 650 0
4 651 0
4 652 0
4 653 0
4 654 0
4 655 0
4 656 0
4 657 0
4 658 0
4 659 0
4 660 1
4 661 1
4 662 0
4 663 0
4 664 0
4 665 1
4 666 1
4 667 1
4 668 1
4 669 1
4 670 1
4 671 1
4 672 1
4 673 1
4 674 1
4 675 1
4 676 1
4 677 1
4 678 1
4 679 1
4 680 1
4 681 1
4 682 1
4 683 1
4 684 1
4 685 1
4 686 1
4 687 1
4 688 1
4 689 1
4 690 1
4 691 1
4 692 1
4 693 1
4 694 1
4 695 1
4 696 1
4 697 1
4 698 1
4 699 1
4 700 1
4 701 1
4 702 1
4 703 1
4 704 1
4 705 1
4 706 1
4 707 1
4 708 1
4 709 1
4 710 1
4 711 1
4 712 1
4 713 1
4 714 1
4 715 1
4 716 1
4 717 1
4 718 1
4 719 1
4 720 1
4 721 1
4 722 1
4 723 1
4 724 1
4 725 1
4 726 1
4 727 1
4 728 1
4 729 1
4 730 1
4 731 1
4 732 1
4 733 1
4 734 0
4 735 0
4 736 0
4 737 0
4 738 0
4 739 0
4 740 0
4 741 0
4 742 0
4 743 0
4 744 0
4 745 0
4 746 0
4 747 0
4 748 0
4 749 0
4 751 0
4 752 0
4 753 0
4 754 0
4 755 0
4 756 0
4 757 0
4 758 0
4 759 0
4 760 0
4 761 0
4 762 0
4 763 0
4 764 0
4 765 0
4 766 0
4 767 0
4 768 0
4 769 0
4 770 0
4 771 1
4 772 1
4 773 1
4 774 1
4 775 1
4 776 1
4 777 1
4 778 1
4 779 1
4 780 1
4 781 1
4 782 1
4 783 1
4 784 1
4 785 1
4 786 1
4 787 1
4 788 1
4 789 1
4 790 1
4 791 1
4 792 1
4 793 1
4 794 1
4 795 1
4 796 1
4 797 1
4 798 1
4 799 1
4 800 1
4 801 1
4 802 1
4 803 1
4 804 1
4 805 1
4 806 1
4 807 1
4 808 1
4 809 1
4 810 1
4 811 1
4 812 1
4 813 1
4 814 1
4 815 1
4 816 1
4 817 1
4 818 1
4 819 1
4 820 1
4 821 1
4 822 1
4 823 1
4 824 1
4 825 1
4 826 1
4 827 1
4 828 1
4 829 1
4 830 1
4 831 1
4 832 1
4 833 1
4 834 1
4 835 1
4 836 1
4 837 1
4 838 1
4 839 1
4 840 1
4 841 1
4 842 1
4 843 1
4 844 1
4 845 1
4 846 1
4 847 1
4 848 1
4 849 1
4 850 1
4 851 1
4 852 1
4 853 1
4 854 1
4 855 1
4 856 1
4 857 1
4 858 1
4 859 1
4 860 1
4 861 1
4 862 1
4 863 1
4 864 1
4 865 1
4 866 1
4 867 1
4 868 1
4 869 1
4 870 1
4 871 0
4 872 0
4 873 1
4 874 1
4 875 1
4 876 1
4 877 1
4 878 1
4 879 1
4 880 1
4 881 1
4 882 1
4 883 1
4 884 1
4 885 1
4 886 1
4 887 1
4 888 1
4 889 1
4 890 1
4 891 1
4 892 1
4 893 1
4 894 1
4 895 1
4 897 1
4 898 1
4 899 1
4 900 1
4 901 1
4 902 1
4 903 1
4 904 1
4 905 1
4 906 1
4 907 1
4 908 1
4 909 1
4 910 1
4 911 1
4 912 1
4 913 1
4 914 1
4 915 1
4 916 1
4 917 1
4 918 1
4 919 1
4 920 1
4 921 1
4 922 1
4 923 1
4 924 1
4 925 1
4 926 1
4 927 1
4 928 1
4 929 1
4 930 1
4 931 1
4 932 1
4 933 1
4 934 1
4 935 1
4 936 1
4 937 1
4 938 1
4 939 1
4 940 1
4 941 1
4 942 1
4 943 1
4 944 1
4 945 1
4 946 1
4 947 1
4 948 1
4 949 1
4 950 1
4 951 1
4 952 1
4 953 1
4 954 1
4 955 1
4 956 1
4 957 1
4 958 1
4 959 1
4 960 1
4 961 1
4 962 1
4 963 1
4 964 1
4 965 1
4 966 1
4 967 1
4 968 1
4 969 1
4 970 1
4 971 1
4 972 1
4 973 1
4 974 1
4 975 1
4 976 1
4 977 1
4 978 1
4 979 1
4 980 1
4 981 1
4 982 1
4 983 1
4 984 1
4 985 1
4 986 1
4 987 1
4 988 1
4 989 1
4 990 1
4 991 1
4 992 1
4 993 1
4 994 1
4 995 1
4 996 1
4 997 1
4 998 1
4 999 1
4 1000 1
4 1001 1
4 1002 1
4 1003 1
4 1004 1
4 1005 1
4 1006 1
4 1007 1
4 1008 1
4 1009 1
4 1010 1
4 1011 1
4 1012 1
4 1013 1
4 1014 1
4 1015 1
4 1016 1
4 1017 1
4 1018 1
4 1019 1
4 1020 1
4 1021 1
4 1022 1
4 1023 1
4 1024 1
4 1025 1
4 1026 1
4 1027 1
4 1028 1
4 1029 1
4 1030 1
4 1032 1
4 1033 1
4 1034 1
4 1035 1
4 1036 1
4 1037 1
4 1038 1
4 1039 1
4 1040 1
4 1041 1
4 1042 1
4 1043 1
4 1044 1
4 1045 1
4 1046 1
4 1047 1
4 1048 1
4 1049 1
4 1050 1
4 1051 1
4 1052 1
4 1053 1
4 1054 1
4 1055 1
4 1056 1
4 1057 1
4 1058 1
4 1059 1
4 1060 1
4 1061 1
4 1062 1
4 1063 1
4 1064 1
4 1065 1
4 1066 1
4 1067 1
4 1068 1
4 1069 1
4 1070 1
4 1071 1
4 1072 1
4 1073 1
4 1074 1
4 1075 1
4 1076 1
4 1077 1
4 1078 1
4 1079 1
4 1080 1
4 1081 1
4 1082 1
4 1083 1
4 1084 1
4 1085 1
4 1086 1
4 1087 1
4 1088 1
4 1089 1
4 1090 1
4 1091 1
4 1092 1
4 1093 1
4 1094 1
4 1095 1
4 1096 1
4 1097 1
4 1098 1
4 1099 1
4 1100 1
4 1101 1
4 1102 1
4 1103 1
4 1104 1
4 1105 1
4 1106 1
4 1107 1
4 1108 1
4 1109 1
4 1110 1
4 1111 1
4 1112 1
4 1113 1
4 1114 1
4 1115 1
4 1116 1
4 1117 1
4 1118 1
4 1119 1
4 1120 1
4 1121 1
4 1122 1
4 1123 1
4 1124 1
4 1125 1
4 1126 1
4 1127 1
4 1128 1
4 1129 1
4 1130 1
4 1131 1
4 1132 1
4 1133 1
4 1134 1
4 1135 1
4 1136 1
4 1137 1
4 1138 1
4 1139 1
4 1140 1
4 1141 1
4 1142 1
4 1143 1
4 1144 1
4 1145 1
4 1146 1
4 1147 1
4 1148 1
4 1149 1
4 1150 1
4 1151 1
4 1152 1
4 1153 1
4 1154 1
4 1155 1
4 1156 1
4 1157 1
4 1158 1
4 1159 1
4 1160 1
4 1161 1
4 1162 1
4 1163 1
4 1164 1
4 1165 1
4 1166 1
4 1167 1
4 1168 1
4 1169 1
4 1170 1
4 1171 1
4 1173 1
4 1174 1
4 1175 1
4 1176 1
4 1177 1
4 1178 1
4 1179 1
4 1180 1
4 1181 1
4 1182 1
4 1183 1
4 1184 1
4 1185 1
4 1186 1
4 1187 1
4 1188 1
4 1189 1
4 1190 1
4 1191 1
4 1192 1
4 1193 1
4 1194 1
4 1195 1
4 1196 1
4 1197 1
4 1198 1
4 1199 1
4 1200 1
4 1201 1
4 1202 1
4 1203 1
4 1204 1
4 1205 1
4 1206 1
4 1207 1
4 1208 1
4 1209 1
4 1210 1
4 1211 1
4 1212 1
4 1213 1
4 1214 1
4 1215 1
4 1216 1
4 1217 1
4 1218 1
4 1219 1
4 1220 1
4 1221 1
4 1222 1
4 1223 1
4 1224 1
4 1225 1
4 1226 1
4 1227 1
4 1228 1
4 1229 1
4 1230 1
4 1231 1
4 1232 1
4 1233 1
4 1234 1
4 1235 1
4 1236 1
4 1237 1
4 1238 1
4 1239 1
4 1240 1
4 1241 1
4 1242 1
4 1243 1
4 1244 1
4 1245 1
4 1246 1
4 1247 1
4 1248 1
4 1249 1
4 1250 1
4 1251 1
4 1252 1
4 1253 1
4 1254 1
4 1255 1
4 1256 1
4 1257 1
4 1258 1
4 1259 1
4 1260 1
4 1261 1
4 1262 1
4 1263 1
4 1264 1
4 1265 1
4 1266 1
4 1267 1
4 1268 1
4 1269 1
4 1270 1
4 1271 1
4 1272 1
4 1273 1
4 1274 1
4 1275 1
4 1276 1
4 1277 1
4 1278 1
4 1279 1
4 1280 1
4 1281 1
4 1282 1
4 1283 1
4 1284 1
4 1285 1
4 1286 1
4 1287 1
4 1288 1
4 1289 1
4 1290 1
4 1291 1
4 1292 1
4 1293 1
4 1294 1
4 1295 1
4 1296 1
4 1297 1
4 1298 1
4 1299 1
4 1300 1
4 1301 1
4 1302 1
4 1303 1
4 1304 1
4 1305 1
4 1306 1
4 1307 1
4 1308 1
4 1309 1
4 1310 1
4 1311 1
4 1312 1
4 1313 1
4 1314 1
4 1315 1
4 1316 1
4 1317 1
4 1318 1
4 1319 1
4 1320 1
4 1321 1
4 1323 1
4 1324 1
4 1325 1
4 1326 1
4 1327 1
4 1328 1
4 1329 1
4 1330 1
4 1331 1
4 1332 1
4 1333 1
4 1334 1
4 1335 1
4 1336 1
4 1337 1
4 1338 1
4 1339 1
4 1340 1
4 1341 1
4 1342 1
4 1343 1
4 1344 1
4 1345 1
4 1346 1
4 1347 1
4 1348 1
4 1349 1
4 1350 1
4 1351 0
4 1352 0
4 1353 0
4 1354 0
4 1355 0
4 1356 0
4 1357 0
4 1358 0
4 1359 0
4 1360 0
4 1361 0
4 1362 0
4 1363 0
4 1364 0
4 1365 0
4 1366 0
4 1367 0
4 1368 0
4 1369 0
4 1370 0
4 1371 0
4 1372 0
4 1373 0
4 1374 0
4 1375 0
4 1376 0
4 1377 0
4 1378 0
4 1379 0
4 1380 0
4 1381 0
4 1382 0
4 1383 0
4 1384 0
4 1385 0
4 1386 0
4 1387 0
4 1388 0
4 1389 0
4 1390 0
4 1391 0
4 1392 0
4 1393 0
4 1394 0
4 1395 0
4 1396 0
4 1397 0
4 1398 0
4 1399 0
4 1400 0
4 1401 0
4 1402 0
4 1403 0
4 1404 0
4 1405 0
4 1406 0
4 1407 0
4 1408 0
4 1409 0
4 1410 0
4 1411 0
4 1412 0
4 1413 0
4 1414 0
4 1415 0
4 1416 0
4 1417 0
4 1418 0
4 1419 0
4 1420 0
4 1421 0
4 1422 0
4 1423 0
4 1424 0
4 1425 0
4 1426 0
4 1427 0
4 1428 0
4 1429 0
4 1430 0
4 1431 0
4 1432 0
4 1433 0
4 1434 0
4 1435 0
4 1436 0
4 1437 0
4 1438 0
4 1439 0
5 0 0
5 1 0
5 2 0
5 3 0
5 4 0
5 5 0
5 6 0
5 7 0
5 8 0
5 9 0
5 10 0
5 11 0
5 12 0
5 13 0
5 14 0
5 15 0
5 16 0
5 17 0
5 18 0
5 19 0
5 20 0
5 21 0
5 22 0
5 23 0
5 24 0
5 25 0
5 26 0
5 27 0
5 28 0
5 29 0
5 30 0
5 31 0
5 32 0
5 33 0
5 34 0
5 35 0
5 37 0
5 38 0
5 39 0
5 40 0
5 41 0
5 42 0
5 43 0
5 44 0
5 45 0
5 46 0
5 47 0
5 48 0
5 49 0
5 50 0
5 51 0
5 52 0
5 53 0
5 54 0
5 55 0
5 56 0
5 57 0
5 58 0
5 59 0
5 60 0
5 61 0
5 62 0
5 63 0
5 64 0
5 65 0
5 66 0
5 67 0
5 68 0
5 69 0
5 70 0
5 71 0
5 72 0
5 73 0
5 74 0
5 75 0
5 76 0
5 77 0
5 78 0
5 79 0
5 80 0
5 81 0
5 82 0
5 83 0
5 84 0
5 85 0
5 86 0
5 87 0
5 88 0
5 89 0
5 90 0
5 91 0
5 92 0
5 93 0
5 94 0
5 95 0
5 96 0
5 97 0
5 98 0
5 99 0
5 100 0
5 101 0
5 102 0
5 103 0
5 104 0
5 105 0
5 106 0
5 107 0
5 108 0
5 109 0
5 110 0
5 111 0
5 112 0
5 113 0
5 114 0
5 115 0
5 116 0
5 117 0
5 118 0
5 119 0
5 120 0
5 121 0
5 122 0
5 123 0
5 124 0
5 125 0
5 126 0
5 127 0
5 128 0
5 129 0
5 130 0
5 131 0
5 132 0
5 133 0
5 134 0
5 135 0
5 136 0
5 137 0
5 138 0
5 139 0
5 140 0
5 141 0
5 142 0
5 143 0
5 144 0
5 145 0
5 146 0
5 147 0
5 148 0
5 149 0
5 150 0
5 151 0
5 152 0
5 153 0
5 154 0
5 155 0
5 156 0
5 157 0
5 158 0
5 159 0
5 160 0
5 161 0
5 162 0
5 163 0
5 164 0
5 165 0
5 166 0
5 167 0
5 168 0
5 169 0
5 170 0
5 171 0
5 172 0
5 173 0
5 174 0
5 175 0
5 176 0
5 177 0
5 178 0
5 179 0
5 180 0
5 181 0
5 182 0
5 183 0
5 184 0
5 185 0
5 186 0
5 187 0
5 188 0
5 189 0
5 190 0
5 191 0
5 192 0
5 193 0
5 194 0
5 195 0
5 196 0
5 197 0
5 198 0
5 199 0
5 200 0
5 202 0
5 203 0
5 204 0
5 205 0
5 206 0
5 207 0
5 208 0
5 209 0
5 210 0
5 211 0
5 212 0
5 213 0
5 214 0
5 215 0
5 216 0
5 217 0
5 218 0
5 219 0
5 220 0
5 221 0
5 222 0
5 223 0
5 224 0
5 225 0
5 226 0
5 227 0
5 228 0
5 229 0
5 230 0
5 231 0
5 232 0
5 233 0
5 234 0
5 235 0
5 236 0
5 237 0
5 238 0
5 239 0
5 240 0
5 241 0
5 242 0
5 243 0
5 244 0
5 245 0
5 246 0
5 247 0
5 248 0
5 249 0
5 250 0
5 251 0
5 252 0
5 253 0
5 254 0
5 255 0
5 256 0
5 257 0
5 258 0
5 259 0
5 260 0
5 261 0
5 262 0
5 263 0
5 264 0
5 265 0
5 266 0
5 267 0
5 268 0
5 269 0
5 270 0
5 271 0
5 272 0
5 273 0
5 274 0
5 275 0
5 276 0
5 277 0
5 278 0
5 279 0
5 280 0
5 281 0
5 282 0
5 283 0
5 284 0
5 285 0
5 286 0
5 287 0
5 288 0
5 289 0
5 290 0
5 291 0
5 292 0
5 293 0
5 294 0
5 295 0
5 296 0
5 297 0
5 298 0
5 299 0
5 300 0
5 301 0
5 302 0
5 303 0
5 304 0
5 305 0
5 306 0
5 307 0
5 308 0
5 309 0
5 310 0
5 311 0
5 312 0
5 313 0
5 314 0
5 315 0
5 316 0
5 317 0
5 318 0
5 319 0
5 320 0
5 321 0
5 322 0
5 323 0
5 324 0
5 325 0
5 326 0
5 327 0
5 328 0
5 329 0
5 330 0
5 331 0
5 332 0
5 333 0
5 334 0
5 335 0
5 336 0
5 337 0
5 338 0
5 339 0
5 340 0
5 341 0
5 342 0
5 343 0
5 344 0
5 345 0
5 346 0
5 347 0
5 348 0
5 349 0
5 350 0
5 351 0
5 352 0
5 353 0
5 354 0
5 355 0
5 356 0
5 357 0
5 358 0
5 359 0
5 360 0
5 361 0
5 362 0
5 363 0
5 365 0
5 366 0
5 367 0
5 368 0
5 369 0
5 370 0
5 371 0
5 372 0
5 373 0
5 374 0
5 375 0
5 376 0
5 377 0
5 378 0
5 379 0
5 380 0
5 381 0
5 382 0
5 383 0
5 384 0
5 385 0
5 386 0
5 387 0
5 388 0
5 389 0
5 390 0
5 391 0
5 392 0
5 393 0
5 394 0
5 395 0
5 396 0
5 397 0
5 398 0
5 399 0
5 400 0
5 401 0
5 402 0
5 403 0
5 404 0
5 405 0
5 406 0
5 407 0
5 408 0
5 409 0
5 410 0
5 411 0
5 412 0
5 413 0
5 414 0
5 415 0
5 416 0
5 417 0
5 418 0
5 419 0
5 420 0
5 421 0
5 422 0
5 423 0
5 424 0
5 425 0
5 426 0
5 427 0
5 428 0
5 429 0
5 430 0
5 431 0
5 432 0
5 433 0
5 434 0
5 435 0
5 436 0
5 437 0
5 438 0
5 439 0
5 440 0
5 441 0
5 442 0
5 443 0
5 444 0
5 445 0
5 446 0
5 447 0
5 448 0
5 449 0
5 450 0
5 451 0
5 452 0
5 453 0
5 454 0
5 455 0
5 456 0
5 457 0
5 460 0
5 461 0
5 462 0
5 463 0
5 464 0
5 465 0
5 466 0
5 467 0
5 468 0
5 469 0
5 470 0
5 471 0
5 472 0
5 473 0
5 474 0
5 475 0
5 476 0
5 477 0
5 478 0
5 479 0
5 480 0
5 481 0
5 482 0
5 483 0
5 484 0
5 485 0
5 486 0
5 487 0
5 488 0
5 489 0
5 490 0
5 491 0
5 492 0
5 493 0
5 494 0
5 495 0
5 496 0
5 497 0
5 498 0
5 499 0
5 500 0
5 501 0
5 502 0
5 503 0
5 504 0
5 505 0
5 506 0
5 507 0
5 508 0
5 509 0
5 510 0
5 511 0
5 512 0
5 513 0
5 514 0
5 515 0
5 516 0
5 517 0
5 518 0
5 519 0
5 520 0
5 521 0
5 522 0
5 523 0
5 524 0
5 525 0
5 526 0
5 527 0
5 528 0
5 529 0
5 530 0
5 531 0
5 532 0
5 533 0
5 534 0
5 535 0
5 536 0
5 537 0
5 538 0
5 539 0
5 540 0
5 541 0
5 542 0
5 543 0
5 544 0
5 545 0
5 546 0
5 547 0
5 548 0
5 549 0
5 550 0
5 551 0
5 552 0
5 553 0
5 554 0
5 555 0
5 556 0
5 557 0
5 558 0
5 559 0
5 560 0
5 561 0
5 562 0
5 563 0
5 565 0
5 566 0
5 567 0
5 568 0
5 569 0
5 570 0
5 571 0
5 572 0
5 573 0
5 574 0
5 575 0
5 576 0
5 577 0
5 578 0
5 579 0
5 580 0
5 581 0
5 582 0
5 583 0
5 584 0
5 585 0
5 586 0
5 587 0
5 588 0
5 589 0
5 590 0
5 591 0
5 592 0
5 593 0
5 594 0
5 595 0
5 596 0
5 597 0
5 598 0
5 599 0
5 600 0
5 601 0
5 602 0
5 603 0
5 604 0
5 605 0
5 606 0
5 607 0
5 608 0
5 609 0
5 610 0
5 611 0
5 612 0
5 613 0
5 614 0
5 615 0
5 616 0
5 617 0
5 618 0
5 619 0
5 620 0
5 621 0
5 622 0
5 623 0
5 624 0
5 625 0
5 626 0
5 627 0
5 628 0
5 629 0
5 630 0
5 631 0
5 632 0
5 633 0
5 634 0
5 635 0
5 636 0
5 637 0
5 638 0
5 639 0
5 640 0
5 641 0
5 642 0
5 643 0
5 644 0
5 645 0
5 646 0
5 647 0
5 648 0
5 649 0
5 650 0
5 651 0
5 652 0
5 653 0
5 654 0
5 655 0
5 656 0
5 657 0
5 658 0
5 659 0
5 660 0
5 661 0
5 662 0
5 663 0
5 664 0
5 665 0
5 666 0
5 667 0
5 668 0
5 669 0
5 670 0
5 671 0
5 672 0
5 673 0
5 674 0
5 675 0
5 676 0
5 677 0
5 678 0
5 679 0
5 680 0
5 681 0
5 682 0
5 683 0
5 684 0
5 685 0
5 686 0
5 687 0
5 688 0
5 689 0
5 690 0
5 691 0
5 692 0
5 693 0
5 694 0
5 695 0
5 696 0
5 697 0
5 698 0
5 699 0
5 700 0
5 701 0
5 702 0
5 703 0
5 704 0
5 705 0
5 706 0
5 707 0
5 708 0
5 710 0
5 711 0
5 712 0
5 713 0
5 714 0
5 715 0
5 716 0
5 717 0
5 718 0
5 719 0
5 720 0
5 721 0
5 722 0
5 723 0
5 724 0
5 725 0
5 726 0
5 727 0
5 728 0
5 729 0
5 730 0
5 731 0
5 732 0
5 733 0
5 734 0
5 735 0
5 736 0
5 737 0
5 738 0
5 739 0
5 740 0
5 741 0
5 742 0
5 743 0
5 744 0
5 745 0
5 746 0
5 747 0
5 748 0
5 749 0
5 750 0
5 751 0
5 752 0
5 753 0
5 754 0
5 755 0
5 756 0
5 757 0
5 758 0
5 759 0
5 760 0
5 761 0
5 762 0
5 763 0
5 764 0
5 765 0
5 766 0
5 767 0
5 768 0
5 769 0
5 770 0
5 771 0
5 772 0
5 773 0
5 774 0
5 775 0
5 776 0
5 777 0
5 778 0
5 779 0
5 780 0
5 781 0
5 782 0
5 783 0
5 784 0
5 785 0
5 786 0
5 787 0
5 788 0
5 789 0
5 790 0
5 791 0
5 792 0
5 793 0
5 794 0
5 795 0
5 796 0
5 797 0
5 798 0
5 799 0
5 800 0
5 801 0
5 802 0
5 803 0
5 804 0
5 805 0
5 806 0
5 807 0
5 808 0
5 809 0
5 810 0
5 811 0
5 812 0
5 813 0
5 814 0
5 815 0
5 816 0
5 817 0
5 818 0
5 819 0
5 820 0
5 821 0
5 822 0
5 823 0
5 824 0
5 825 0
5 826 0
5 827 0
5 828 0
5 829 0
5 830 0
5 831 0
5 832 0
5 833 0
5 834 0
5 835 0
5 836 0
5 837 0
5 838 0
5 839 0
5 840 0
5 841 0
5 842 0
5 843 0
5 844 0
5 845 0
5 846 0
5 847 0
5 848 0
5 849 0
5 850 0
5 851 0
5 852 0
5 853 0
5 854 0
5 855 0
5 856 0
5 857 0
5 859 0
5 860 0
5 861 0
5 862 0
5 863 0
5 864 0
5 865 0
5 866 0
5 867 0
5 868 0
5 869 0
5 870 0
5 871 0
5 872 0
5 873 0
5 874 0
5 875 0
5 876 0
5 877 0
5 878 0
5 879 0
5 880 0
5 881 0
5 882 0
5 883 0
5 884 0
5 885 0
5 886 0
5 887 0
5 888 0
5 889 0
5 890 0
5 891 0
5 892 0
5 893 0
5 894 0
5 895 0
5 896 0
5 897 0
5 898 0
5 899 0
5 900 0
5 901 0
5 902 0
5 903 0
5 904 0
5 905 0
5 906 0
5 907 0
5 908 0
5 909 0
5 910 0
5 911 0
5 912 0
5 913 0
5 914 0
5 915 0
5 916 0
5 917 0
5 918 0
5 919 0
5 920 0
5 921 0
5 922 0
5 923 0
5 924 0
5 925 0
5 926 0
5 927 0
5 928 0
5 929 0
5 930 0
5 931 0
5 932 0
5 933 0
5 934 0
5 935 0
5 936 0
5 937 0
5 938 0
5 939 0
5 940 0
5 941 0
5 942 0
5 943 0
5 944 0
5 945 0
5 946 0
5 947 0
5 948 0
5 949 0
5 950 0
5 951 0
5 952 0
5 953 0
5 954 0
5 955 0
5 956 0
5 957 0
5 958 0
5 959 0
5 960 0
5 961 0
5 962 0
5 963 0
5 964 0
5 965 0
5 966 0
5 967 0
5 968 0
5 969 0
5 970 0
5 971 0
5 972 0
5 973 0
5 974 0
5 975 0
5 976 0
5 977 0
5 978 0
5 979 0
5 980 0
5 981 0
5 982 0
5 983 0
5 984 0
5 985 0
5 986 0
5 987 0
5 988 0
5 989 0
5 990 0
5 991 0
5 992 0
5 993 0
5 994 0
5 995 0
5 996 0
5 997 0
5 998 0
5 999 0
5 1000 0
5 1001 0
5 1002 0
5 1003 0
5 1005 0
5 1006 0
5 1007 0
5 1008 0
5 1009 0
5 1010 0
5 1011 0
5 1012 0
5 1013 0
5 1014 0
5 1015 0
5 1016 0
5 1017 0
5 1018 0
5 1019 0
5 1020 0
5 1021 0
5 1022 0
5 1023 0
5 1024 0
5 1025 0
5 1026 0
5 1027 0
5 1028 0
5 1029 0
5 1030 0
5 1031 0
5 1032 0
5 1033 0
5 1034 0
5 1035 0
5 1036 0
5 1037 0
5 1038 0
5 1039 0
5 1040 0
5 1041 0
5 1042 0
5 1043 0
5 1044 0
5 1045 0
5 1046 0
5 1047 0
5 1048 0
5 1049 0
5 1050 0
5 1051 0
5 1052 0
5 1053 0
5 1054 0
5 1055 0
5 1056 0
5 1057 0
5 1058 0
5 1059 0
5 1060 0
5 1061 0
5 1062 0
5 1063 0
5 1064 0
5 1065 0
5 1066 0
5 1067 0
5 1068 0
5 1069 0
5 1070 0
5 1071 0
5 1072 0
5 1073 0
5 1074 0
5 1075 0
5 1076 0
5 1077 0
5 1078 0
5 1079 0
5 1080 0
5 1081 0
5 1082 0
5 1083 0
5 1084 0
5 1085 0
5 1086 0
5 1087 0
5 1088 0
5 1089 0
5 1090 0
5 1091 0
5 1092 0
5 1093 0
5 1094 0
5 1095 0
5 1096 0
5 1097 0
5 1098 0
5 1099 0
5 1100 0
5 1101 0
5 1102 0
5 1103 0
5 1104 0
5 1105 0
5 1106 0
5 1107 0
5 1108 0
5 1109 0
5 1110 0
5 1111 0
5 1112 0
5 1113 0
5 1114 0
5 1115 0
5 1116 0
5 1117 0
5 1119 0
5 1120 0
5 1121 0
5 1122 0
5 1123 0
5 1124 0
5 1125 0
5 1126 0
5 1127 0
5 1128 0
5 1129 0
5 1130 0
5 1131 0
5 1132 0
5 1133 0
5 1134 0
5 1135 0
5 1136 0
5 1137 0
5 1138 0
5 1139 0
5 1140 0
5 1141 0
5 1142 0
5 1143 0
5 1144 0
5 1145 0
5 1146 0
5 1147 0
5 1148 0
5 1149 0
5 1150 0
5 1151 0
5 1152 0
5 1153 0
5 1154 0
5 1155 0
5 1156 0
5 1157 0
5 1158 0
5 1159 0
5 1160 0
5 1161 0
5 1162 0
5 1163 0
5 1164 0
5 1165 0
5 1166 0
5 1167 0
5 1168 0
5 1169 0
5 1170 0
5 1171 0
5 1172 0
5 1173 0
5 1174 0
5 1175 0
5 1176 0
5 1177 0
5 1178 0
5 1179 0
5 1180 0
5 1181 0
5 1182 0
5 1183 0
5 1184 0
5 1185 0
5 1186 0
5 1187 0
5 1188 0
5 1189 0
5 1190 0
5 1191 0
5 1192 0
5 1193 0
5 1194 0
5 1195 0
5 1196 0
5 1197 0
5 1198 0
5 1199 0
5 1200 0
5 1201 0
5 1202 0
5 1203 0
5 1204 0
5 1205 0
5 1206 0
5 1207 0
5 1208 0
5 1209 0
5 1210 0
5 1211 0
5 1212 0
5 1213 0
5 1214 0
5 1215 0
5 1216 0
5 1217 0
5 1218 0
5 1219 0
5 1220 0
5 1221 0
5 1222 0
5 1223 0
5 1224 0
5 1225 0
5 1226 0
5 1227 0
5 1228 0
5 1229 0
5 1230 0
5 1231 0
5 1232 0
5 1233 0
5 1234 0
5 1235 0
5 1236 0
5 1237 0
5 1238 0
5 1239 0
5 1240 0
5 1241 0
5 1242 0
5 1243 0
5 1244 0
5 1245 0
5 1246 0
5 1247 0
5 1248 0
5 1249 0
5 1250 0
5 1251 0
5 1254 0
5 1255 0
5 1256 0
5 1257 0
5 1258 0
5 1259 0
5 1260 0
5 1261 0
5 1262 0
5 1263 0
5 1264 0
5 1265 0
5 1266 0
5 1267 0
5 1268 0
5 1269 0
5 1270 0
5 1271 0
5 1272 0
5 1273 0
5 1274 0
5 1275 0
5 1276 0
5 1277 0
5 1278 0
5 1279 0
5 1280 0
5 1281 0
5 1282 0
5 1283 0
5 1284 0
5 1285 0
5 1286 0
5 1287 0
5 1288 0
5 1289 0
5 1290 0
5 1292 0
5 1293 0
5 1294 0
5 1295 0
5 1296 0
5 1297 0
5 1298 0
5 1299 0
5 1300 0
5 1301 0
5 1302 0
5 1303 0
5 1304 0
5 1305 0
5 1306 0
5 1307 0
5 1308 0
5 1309 0
5 1310 0
5 1311 0
5 1312 0
5 1313 0
5 1314 0
5 1315 0
5 1316 0
5 1317 0
5 1318 0
5 1319 0
5 1320 0
5 1321 0
5 1322 0
5 1323 0
5 1324 0
5 1325 0
5 1326 0
5 1327 0
5 1328 0
5 1329 0
5 1330 0
5 1331 0
5 1332 0
5 1333 0
5 1334 0
5 1335 0
5 1336 0
5 1337 0
5 1338 0
5 1339 0
5 1340 0
5 1341 0
5 1342 0
5 1343 0
5 1344 0
5 1345 0
5 1346 0
5 1347 0
5 1348 0
5 1349 0
5 1350 0
5 1351 0
5 1352 0
5 1353 0
5 1354 0
5 1355 0
5 1356 0
5 1357 0
5 1358 0
5 1359 0
5 1360 0
5 1361 0
5 1362 0
5 1363 0
5 1364 0
5 1365 0
5 1366 0
5 1367 0
5 1368 0
5 1369 0
5 1370 0
5 1371 0
5 1372 0
5 1373 0
5 1374 0
5 1375 0
5 1376 0
5 1377 0
5 1378 0
5 1379 0
5 1380 0
5 1381 0
5 1382 0
5 1383 0
5 1384 0
5 1385 0
5 1386 0
5 1387 0
5 1388 0
5 1389 0
5 1390 0
5 1391 0
5 1392 0
5 1393 0
5 1394 0
5 1395 0
5 1396 0
5 1397 0
5 1398 0
5 1399 0
5 1400 0
5 1401 0
5 1402 0
5 1404 0
5 1405 0
5 1406 0
5 1407 0
5 1408 0
5 1409 0
5 1410 0
5 1411 0
5 1412 0
5 1413 0
5 1414 0
5 1415 0
5 1416 0
5 1417 0
5 1418 0
5 1419 0
5 1420 0
5 1421 0
5 1422 0
5 1423 0
5 1424 0
5 1425 0
5 1426 0
5 1427 0
5 1428 0
5 1429 0
5 1430 0
5 1431 0
5 1432 0
5 1433 0
5 1434 0
5 1435 0
5 1436 0
5 1437 0
5 1438 0
5 1439 0
6 0 0
6 1 0
6 2 0
6 3 0
6 4 0
6 5 0
6 6 0
6 7 0
6 8 0
6 9 0
6 10 0
6 11 0
6 12 0
6 13 0
6 14 0
6 15 0
6 16 0
6 17 0
6 18 0
6 19 0
6 20 0
6 21 0
6 22 0
6 23 0
6 24 0
6 25 0
6 26 0
6 27 0
6 28 0
6 29 0
6 30 0
6 31 0
6 32 0
6 33 0
6 34 0
6 35 0
6 36 0
6 37 0
6 38 0
6 39 0
6 40 0
6 41 0
